9
32.333333333333336
12.666666666666666
15.333333333333334
11.333333333333334
7.666666666666667
7
7
7.666666666666667
8.333333333333334
7.666666666666667
7.666666666666667
8.333333333333334
6.666666666666667
8.333333333333334
6.666666666666667
7
7.333333333333333
7.333333333333333
7.333333333333333
8
7.666666666666667
6.666666666666667
7
9.666666666666666
7.333333333333333
58
14
14
13.333333333333334
13
12.666666666666666
12.333333333333334
12.333333333333334
13.333333333333334
13
12.666666666666666
13
12.333333333333334
13
13.333333333333334
14.333333333333334
13.333333333333334
10.666666666666666
11
11
10
10
10.666666666666666
10.666666666666666
10.666666666666666
10.333333333333334
10
10
10.333333333333334
10
10.333333333333334
10.666666666666666
10.333333333333334
10.333333333333334
10.333333333333334
10.666666666666666
10.333333333333334
11
11.333333333333334
10.333333333333334
8
7
7.666666666666667
7
7.666666666666667
7
7.333333333333333
7.666666666666667
7.333333333333333
7.333333333333333
7.666666666666667
7.333333333333333
7
7
7.333333333333333
7.333333333333333
7
7.666666666666667
7.333333333333333
6.666666666666667
7.333333333333333
6.666666666666667
7.333333333333333
7.333333333333333
7.666666666666667
8
9.333333333333334
7.333333333333333
7.666666666666667
7.333333333333333
7.333333333333333
7
7.333333333333333
7.333333333333333
