11
11.666666666666666
11
11.666666666666666
10.666666666666666
11
12.666666666666666
10.333333333333334
11.333333333333334
65
18
10.666666666666666
12
11
10.666666666666666
10.666666666666666
11
10
11.666666666666666
11
23.666666666666668
15.666666666666666
17
16
13.333333333333334
11.666666666666666
10.333333333333334
11
10.333333333333334
10
11.333333333333334
10.666666666666666
10.666666666666666
10.333333333333334
11
10.333333333333334
10
10
10
10.666666666666666
10.333333333333334
10.333333333333334
10.333333333333334
11.666666666666666
10
10.333333333333334
10.333333333333334
9.666666666666666
11
10.333333333333334
10
11.333333333333334
11
10.333333333333334
11
9.666666666666666
10.666666666666666
11
10
10.333333333333334
10.666666666666666
10
11
10
10.333333333333334
10.666666666666666
11.666666666666666
10.666666666666666
10.333333333333334
11.333333333333334
10.333333333333334
11
11.666666666666666
10.333333333333334
10.333333333333334
11
10.333333333333334
10.666666666666666
10.333333333333334
9.666666666666666
11
10.333333333333334
10
11.333333333333334
10.333333333333334
10
10.666666666666666
10.666666666666666
11.333333333333334
11.333333333333334
10.333333333333334
10.666666666666666
10.333333333333334
10.666666666666666
10.666666666666666
9.666666666666666
10.666666666666666
11
10.333333333333334
10.333333333333334
10.333333333333334
10.666666666666666
10.333333333333334
10.666666666666666
10.666666666666666
11
10.333333333333334
9.666666666666666
43.666666666666664
15.666666666666666
11.666666666666666
10.333333333333334
11
10.333333333333334
10.333333333333334
10
10.333333333333334
10.666666666666666
10.666666666666666
10.333333333333334
10.333333333333334
10.333333333333334
10
10.666666666666666
11
11.666666666666666
10
12
10.333333333333334
10.333333333333334
11.333333333333334
10.333333333333334
11
11
10.666666666666666
10.666666666666666
11.333333333333334
11
10
10.666666666666666
10.333333333333334
10.333333333333334
10
10.666666666666666
10
10.666666666666666
10.666666666666666
10
10.666666666666666
10.666666666666666
10
10.666666666666666
10.333333333333334
10
11
10.333333333333334
11
11
10
10.333333333333334
10.333333333333334
10
10.333333333333334
10.666666666666666
10.333333333333334
10.666666666666666
10.666666666666666
11
10.333333333333334
10.333333333333334
43.333333333333336
17
14.333333333333334
13.666666666666666
13.333333333333334
13.333333333333334
11.666666666666666
13
11.666666666666666
12.666666666666666
12
12.333333333333334
12
12
11.666666666666666
11
10.666666666666666
11.333333333333334
10.666666666666666
11.333333333333334
11
11.333333333333334
10.666666666666666
10.666666666666666
10.666666666666666
12
10.666666666666666
10.333333333333334
10.666666666666666
10
9.333333333333334
10.666666666666666
10
10.333333333333334
10.333333333333334
10.333333333333334
10.666666666666666
9.666666666666666
9.666666666666666
10.666666666666666
11
9.666666666666666
10.333333333333334
11
10
10.333333333333334
10.666666666666666
10.666666666666666
10.333333333333334
11
10.666666666666666
10.666666666666666
10.666666666666666
29
22
14
12
11
101.66666666666667
18.666666666666668
14.666666666666666
13
14.333333333333334
12.666666666666666
11
10.666666666666666
10
10.666666666666666
10.666666666666666
9.666666666666666
11.333333333333334
10
32.333333333333336
38.333333333333336
44.666666666666664
21.333333333333332
14
10.666666666666666
11.333333333333334
11
11
10.333333333333334
10.333333333333334
11.333333333333334
11
10.666666666666666
11
11.333333333333334
10.333333333333334
10
11
10.666666666666666
10.666666666666666
11.333333333333334
10.333333333333334
10.666666666666666
11.333333333333334
9.666666666666666
10.666666666666666
11.333333333333334
10.333333333333334
10
11
10.666666666666666
10.666666666666666
11.666666666666666
10.333333333333334
10.666666666666666
11.333333333333334
11
10.333333333333334
79.66666666666667
11.333333333333334
10.666666666666666
11
10.333333333333334
10.666666666666666
70
17
11
12.333333333333334
11
11.333333333333334
11
13
11
10.666666666666666
11
11.333333333333334
10.666666666666666
11
10
11.333333333333334
10.666666666666666
10.666666666666666
11
10.333333333333334
11.333333333333334
10.666666666666666
11
10.666666666666666
11
10.666666666666666
11.333333333333334
10.333333333333334
11.333333333333334
10.666666666666666
11.333333333333334
10.333333333333334
11
11.333333333333334
37
11
35
10.666666666666666
10.333333333333334
11.333333333333334
11
10.666666666666666
10.666666666666666
10.666666666666666
11.333333333333334
10.666666666666666
11.333333333333334
10.666666666666666
11.333333333333334
10.666666666666666
10.333333333333334
10.333333333333334
10.333333333333334
11
11
11.666666666666666
11.666666666666666
10.666666666666666
10.666666666666666
11
10.666666666666666
11
10
10.666666666666666
11
11
10.333333333333334
11.333333333333334
10.666666666666666
10.333333333333334
11
11
10.666666666666666
10.666666666666666
11
11.333333333333334
10.333333333333334
10.666666666666666
10.333333333333334
11
10
11.333333333333334
13.333333333333334
10.333333333333334
11.666666666666666
10.333333333333334
10.666666666666666
11
10.333333333333334
11
10.333333333333334
10.333333333333334
11.333333333333334
10.333333333333334
11
11.333333333333334
10.333333333333334
10.333333333333334
10.666666666666666
9.666666666666666
11
10.666666666666666
10
11
10.666666666666666
10.333333333333334
10.666666666666666
10.666666666666666
9.666666666666666
10.333333333333334
10.666666666666666
10
10.666666666666666
45.333333333333336
18.666666666666668
14.333333333333334
12.666666666666666
12
10.666666666666666
10.333333333333334
10.333333333333334
12.333333333333334
11
11
11
10
11
11
10.666666666666666
10.666666666666666
10.666666666666666
10
10.666666666666666
11
10.333333333333334
10.333333333333334
10.333333333333334
10.333333333333334
10.333333333333334
10.333333333333334
11
12
10.333333333333334
10.666666666666666
10.666666666666666
11
11
9.666666666666666
11.666666666666666
11
10.333333333333334
10
10.666666666666666
10.333333333333334
10.333333333333334
10.666666666666666
11.333333333333334
10.333333333333334
11
10.333333333333334
10.666666666666666
11
10
11.333333333333334
10
10
11.666666666666666
10
11.333333333333334
10.666666666666666
10.333333333333334
11.666666666666666
9.666666666666666
10
11.333333333333334
11.666666666666666
12.666666666666666
10.666666666666666
101
18.333333333333332
14.666666666666666
13
12
12
11
11
11
10.666666666666666
11
10.666666666666666
11.333333333333334
10.666666666666666
10.666666666666666
11
10
10.333333333333334
10.666666666666666
10.666666666666666
10
10.666666666666666
10
10.333333333333334
10.333333333333334
10.666666666666666
10
11
9.666666666666666
9.666666666666666
11
9.666666666666666
11.333333333333334
9.666666666666666
10
12
11.666666666666666
10.333333333333334
10.333333333333334
10.666666666666666
10
10.333333333333334
10.666666666666666
11.666666666666666
11
10.666666666666666
10.333333333333334
10.333333333333334
10
10.333333333333334
10.666666666666666
11
9.666666666666666
10.666666666666666
11
10.333333333333334
11
10
10
10.666666666666666
10
10.333333333333334
10.666666666666666
11
10.333333333333334
10.333333333333334
10.666666666666666
9.666666666666666
10.333333333333334
10
10
10.333333333333334
10.333333333333334
10.666666666666666
10
10.333333333333334
10.333333333333334
10
10.333333333333334
10.666666666666666
10.333333333333334
10.333333333333334
11
11
10.666666666666666
10.666666666666666
9.666666666666666
30.333333333333332
15.333333333333334
14.333333333333334
13.666666666666666
13.666666666666666
13.666666666666666
13.666666666666666
12.666666666666666
11
11.333333333333334
11
10.666666666666666
10.333333333333334
11
11
11.333333333333334
10.333333333333334
11
10.666666666666666
12
11.666666666666666
9.666666666666666
11
11
10
11.333333333333334
11
10.666666666666666
10.666666666666666
10.333333333333334
11
11
11.333333333333334
10
9.666666666666666
11.333333333333334
10
10.333333333333334
10.666666666666666
10.333333333333334
10
10.666666666666666
11
10
10
45
17.666666666666668
14.333333333333334
10.666666666666666
11.666666666666666
10.666666666666666
11.666666666666666
11
10.333333333333334
10
11.333333333333334
10
10.333333333333334
27.666666666666668
11
11
10
10.666666666666666
10.666666666666666
11
10
11
19.333333333333332
11
18.333333333333332
10.333333333333334
27.333333333333332
13.666666666666666
13
12.333333333333334
11.333333333333334
10
10
11
10.666666666666666
10.333333333333334
10.333333333333334
10.666666666666666
11.333333333333334
10.666666666666666
10.666666666666666
10.333333333333334
11
10.666666666666666
11
10.333333333333334
11
11
11.333333333333334
10
10.333333333333334
11.333333333333334
11
11.333333333333334
102
17.666666666666668
15.333333333333334
94.33333333333333
15.333333333333334
14
12.666666666666666
14.666666666666666
12
19
12
17
12.666666666666666
10.333333333333334
11.333333333333334
10.333333333333334
10.666666666666666
10.333333333333334
11
11
10.333333333333334
10.666666666666666
10.333333333333334
10.666666666666666
10.333333333333334
10.666666666666666
10
10.333333333333334
10.666666666666666
10
10.333333333333334
10.666666666666666
10
10.333333333333334
10.666666666666666
10
10.666666666666666
10
10.333333333333334
10
10.333333333333334
11
10
10.333333333333334
10.666666666666666
10.333333333333334
11.666666666666666
10.333333333333334
10.666666666666666
10
10.666666666666666
10.333333333333334
11
10.333333333333334
11.333333333333334
11
11
10.666666666666666
11
11
10.333333333333334
10.666666666666666
10.666666666666666
10.666666666666666
10.333333333333334
10.333333333333334
11.333333333333334
10.666666666666666
11
10.333333333333334
10.333333333333334
10.666666666666666
10.333333333333334
11.333333333333334
10.333333333333334
9.666666666666666
10
10.333333333333334
10.333333333333334
10.666666666666666
10
10.333333333333334
10.333333333333334
10.333333333333334
10
10.333333333333334
10.666666666666666
10.333333333333334
10
10
10.333333333333334
10.333333333333334
10
10.333333333333334
10.666666666666666
10.333333333333334
10.333333333333334
10.666666666666666
11.333333333333334
10.333333333333334
10
10
10
10
11.333333333333334
9.333333333333334
11
10.666666666666666
55
19.666666666666668
16.333333333333332
12.666666666666666
12
11
11.333333333333334
10.333333333333334
11.333333333333334
10.666666666666666
11.333333333333334
10.666666666666666
11
11.333333333333334
10
10
12
10.666666666666666
102.66666666666667
18.666666666666668
14.333333333333334
13
12
12
12.333333333333334
12
12.666666666666666
12
12.333333333333334
12.333333333333334
11.333333333333334
12
12
10.333333333333334
11.666666666666666
11
10.666666666666666
10.666666666666666
10.666666666666666
10.666666666666666
12
11
10.333333333333334
10.666666666666666
10.333333333333334
10
10.666666666666666
10.333333333333334
10
11
9.666666666666666
42.333333333333336
17.333333333333332
10.666666666666666
10.666666666666666
10
10.333333333333334
10.666666666666666
9.666666666666666
10.666666666666666
10
10
11
10.333333333333334
10
10.666666666666666
10.333333333333334
9.666666666666666
10.666666666666666
10.333333333333334
10.333333333333334
10.666666666666666
10.333333333333334
10.333333333333334
10.333333333333334
10.333333333333334
10.666666666666666
10.666666666666666
10.333333333333334
95
19.333333333333332
16.333333333333332
13.333333333333334
10.333333333333334
12.333333333333334
44
11.666666666666666
10.666666666666666
12
10.333333333333334
10.666666666666666
10.666666666666666
10.666666666666666
10.666666666666666
11
11
11.333333333333334
10
10.333333333333334
11
11
10.333333333333334
11.333333333333334
29
33.666666666666664
25
23.666666666666668
23.333333333333332
22
21
22.333333333333332
23.333333333333332
23.333333333333332
19.666666666666668
22.333333333333332
105.33333333333333
43.666666666666664
11.666666666666666
11
10.333333333333334
12.666666666666666
10.666666666666666
11
11
10
11
11
10
11.333333333333334
10.666666666666666
10.333333333333334
11
10.666666666666666
10.666666666666666
11
10.333333333333334
11
10.333333333333334
12
10.333333333333334
51.333333333333336
17.666666666666668
11.333333333333334
11
10.333333333333334
10.666666666666666
10.666666666666666
10.333333333333334
10.666666666666666
10.333333333333334
11
11.333333333333334
10.666666666666666
10.333333333333334
10.333333333333334
10
11.333333333333334
11
10.666666666666666
10.666666666666666
10.666666666666666
10
11
10.333333333333334
11
11
10.666666666666666
10.666666666666666
10.666666666666666
10.666666666666666
10.333333333333334
10.666666666666666
12
10
10.333333333333334
11.333333333333334
10
10.666666666666666
11.666666666666666
9.666666666666666
10
10.666666666666666
10.666666666666666
11
10
10
11
9.666666666666666
10.666666666666666
10.666666666666666
10.333333333333334
10.333333333333334
10.333333333333334
10.333333333333334
11
10
9.666666666666666
11.333333333333334
9.333333333333334
10
10.666666666666666
10.333333333333334
10
11.333333333333334
9.666666666666666
10
11
10.666666666666666
10
10.333333333333334
10.333333333333334
10.333333333333334
10
11
9.666666666666666
10.666666666666666
11
10
10.666666666666666
10.666666666666666
9.333333333333334
11
10.333333333333334
10.666666666666666
10.666666666666666
10.666666666666666
10.333333333333334
10.333333333333334
10.666666666666666
10
10
10.666666666666666
9.666666666666666
10.666666666666666
10
11
10
10.333333333333334
10.666666666666666
10
10
