13
39
18.333333333333332
14.333333333333334
12.333333333333334
11.666666666666666
12
11
12.666666666666666
9.666666666666666
10
10
9.666666666666666
10.666666666666666
10.333333333333334
9.666666666666666
10
10
10.333333333333334
11
9.666666666666666
11
9.666666666666666
10.333333333333334
10.333333333333334
10.333333333333334
10
10.333333333333334
10
10.666666666666666
20.666666666666668
11
10
10
10
10.333333333333334
10
10
10
10
9.666666666666666
10
10.333333333333334
10
10
9.666666666666666
44.666666666666664
18
17
15
14.666666666666666
15.333333333333334
14.666666666666666
14.333333333333334
13
12.333333333333334
13
13
12.666666666666666
13
12
13
13.333333333333334
12.333333333333334
13
13.666666666666666
12.333333333333334
12.666666666666666
12
11
13
10.666666666666666
12
12.333333333333334
11.333333333333334
11.666666666666666
11.333333333333334
12.666666666666666
11.333333333333334
12
11.666666666666666
11.333333333333334
12.666666666666666
12
11.666666666666666
12
11.666666666666666
11.666666666666666
11.666666666666666
12.333333333333334
11
12.333333333333334
12.666666666666666
24
12.333333333333334
14
24.666666666666668
12
11.333333333333334
11.666666666666666
10.333333333333334
10
9.666666666666666
9.666666666666666
10.333333333333334
9.666666666666666
9.666666666666666
10.666666666666666
9.666666666666666
9.333333333333334
10.666666666666666
10.666666666666666
9.666666666666666
9.666666666666666
10
10.666666666666666
9
10.333333333333334
10.333333333333334
9.333333333333334
10
9.333333333333334
10
9.666666666666666
10.333333333333334
9.666666666666666
9.666666666666666
10
9.666666666666666
9.666666666666666
10
10
9.666666666666666
10
10.333333333333334
10.333333333333334
9.666666666666666
10
9.333333333333334
10.333333333333334
10.333333333333334
9.333333333333334
9.666666666666666
10.333333333333334
9.666666666666666
9.666666666666666
10
10
10.333333333333334
9.333333333333334
42.333333333333336
18
13.333333333333334
11
9.666666666666666
9.666666666666666
10.333333333333334
9.666666666666666
11
10
33.333333333333336
10
10.333333333333334
10.333333333333334
9.666666666666666
10
9.666666666666666
10
10.333333333333334
10
10.666666666666666
10
10.333333333333334
10.333333333333334
10
9.666666666666666
9.666666666666666
10
9.333333333333334
10
9.333333333333334
10
9.333333333333334
10
10
9.333333333333334
10
10
10
9.666666666666666
9.666666666666666
10.333333333333334
9.666666666666666
9.333333333333334
10
9.666666666666666
10
9.666666666666666
9.666666666666666
10.333333333333334
9.666666666666666
9.666666666666666
10.333333333333334
9.666666666666666
10
11.333333333333334
9.333333333333334
10.333333333333334
10
9.666666666666666
10.333333333333334
10.333333333333334
10
10.333333333333334
10
10
10
9.333333333333334
9.666666666666666
9.666666666666666
10
10
10
10.333333333333334
9.666666666666666
10
10
10.333333333333334
10
10.666666666666666
10
9.666666666666666
9.666666666666666
9.666666666666666
9
10
10
9.333333333333334
10.333333333333334
9.666666666666666
9.333333333333334
10
9.666666666666666
10.333333333333334
9.333333333333334
10.666666666666666
9.666666666666666
10.333333333333334
9.333333333333334
10
10
10.666666666666666
10
10
10.333333333333334
9.333333333333334
10
10.333333333333334
9.666666666666666
9.666666666666666
10
9.333333333333334
9.666666666666666
11
10.333333333333334
10.333333333333334
10
9.333333333333334
10
10.333333333333334
9.333333333333334
9.666666666666666
10.333333333333334
9.333333333333334
10
10.666666666666666
9.666666666666666
10
9.666666666666666
10
9.666666666666666
9.666666666666666
10
9.333333333333334
9.666666666666666
10
10
10.333333333333334
10.666666666666666
9.333333333333334
10.333333333333334
9.666666666666666
9.333333333333334
10
9.666666666666666
9.666666666666666
10.333333333333334
9.333333333333334
9.333333333333334
10.333333333333334
10.333333333333334
9
10.333333333333334
9.666666666666666
10.333333333333334
9.666666666666666
9.666666666666666
10
9.333333333333334
10.333333333333334
9.333333333333334
9.666666666666666
10
9.666666666666666
10
9.666666666666666
11
10
10
9.666666666666666
10
10
9.666666666666666
10.333333333333334
9.333333333333334
9.666666666666666
10
9.333333333333334
10.333333333333334
9.666666666666666
9.666666666666666
10.666666666666666
9.333333333333334
10.333333333333334
10
15.333333333333334
18
24.333333333333332
16.666666666666668
10.333333333333334
9.666666666666666
10.333333333333334
10
10
9.666666666666666
9.666666666666666
10
9.666666666666666
10
10
46
15.666666666666666
11.333333333333334
10
9.666666666666666
9.666666666666666
10
10.666666666666666
9.666666666666666
10.333333333333334
10.333333333333334
11
10.333333333333334
10
10.333333333333334
9.666666666666666
10
10.333333333333334
10
10
10
10
10
10
10
10
10
10
10
10
10
9.333333333333334
10
10.666666666666666
9.666666666666666
9.666666666666666
10.333333333333334
9.666666666666666
9.666666666666666
12.333333333333334
10
9.666666666666666
10
9.666666666666666
10
11
9.666666666666666
41.333333333333336
15
11
10.333333333333334
9.333333333333334
10
10.666666666666666
9.333333333333334
10.333333333333334
10
9.666666666666666
9.666666666666666
9.666666666666666
10
10
10
10
9.666666666666666
10.333333333333334
9.333333333333334
10.333333333333334
9.666666666666666
9.666666666666666
10.333333333333334
9.666666666666666
10
9.666666666666666
10
9.666666666666666
10.666666666666666
9.333333333333334
10
9.666666666666666
9.666666666666666
10.333333333333334
10
10
10
9.666666666666666
10
9.666666666666666
10.333333333333334
10
10
9.333333333333334
10
10
9.666666666666666
9
11
9.666666666666666
10
10
10
9.666666666666666
10
9.333333333333334
10
9.666666666666666
9.666666666666666
10
10
9.666666666666666
10
9.666666666666666
9.333333333333334
41
13.333333333333334
11.333333333333334
10.666666666666666
10
10
10
9.666666666666666
10.333333333333334
9.666666666666666
10
9.666666666666666
9.666666666666666
10.333333333333334
9.666666666666666
9.666666666666666
10.666666666666666
9.333333333333334
10.666666666666666
9.666666666666666
10
10.333333333333334
10.333333333333334
10
10
10
10.666666666666666
9
10
10
10
9.666666666666666
9.666666666666666
10.333333333333334
10
9.666666666666666
10
9
10.666666666666666
9.666666666666666
10
10.333333333333334
9.666666666666666
10.333333333333334
9.666666666666666
10.333333333333334
9.666666666666666
10.666666666666666
9.666666666666666
10.333333333333334
9.666666666666666
10
11.333333333333334
10
9.666666666666666
10
10
10.333333333333334
10
10
9
10.666666666666666
9.333333333333334
10
11
9.333333333333334
10
10.666666666666666
10
10
10
9.666666666666666
9.666666666666666
10
10
10
10
9.333333333333334
10.666666666666666
9.666666666666666
10.666666666666666
9.666666666666666
12.333333333333334
10
9.666666666666666
9.666666666666666
10.666666666666666
9.666666666666666
10
10
9.666666666666666
10
10
10
9
10.333333333333334
9.666666666666666
9.666666666666666
10
9.666666666666666
9.666666666666666
9.666666666666666
9.666666666666666
10.333333333333334
10.333333333333334
10.666666666666666
12.333333333333334
10.333333333333334
9.333333333333334
9.666666666666666
10.333333333333334
10.333333333333334
10.333333333333334
9.333333333333334
10
10.333333333333334
10
10.333333333333334
10
9.666666666666666
10.333333333333334
9.666666666666666
12
10
9.666666666666666
10
9.666666666666666
10.333333333333334
9.333333333333334
10
9.666666666666666
10
9.333333333333334
9.666666666666666
9.666666666666666
10
10
9.666666666666666
10.333333333333334
9.666666666666666
10
9.333333333333334
10
10
9.666666666666666
9.666666666666666
10
9.666666666666666
10
9.666666666666666
10
9.666666666666666
10
9.666666666666666
9.666666666666666
10.333333333333334
10
9.333333333333334
9.666666666666666
10
10
9.333333333333334
10.333333333333334
9.666666666666666
9.333333333333334
11
9
10
10.333333333333334
9
10.666666666666666
9.666666666666666
10.333333333333334
10
9.666666666666666
10.666666666666666
10
9.666666666666666
10
10.333333333333334
9.666666666666666
10
9.666666666666666
9.666666666666666
9.333333333333334
10.333333333333334
9.333333333333334
10
9.666666666666666
10
10
10
9.666666666666666
9.666666666666666
10.666666666666666
9.666666666666666
9.666666666666666
10.333333333333334
9.333333333333334
9.666666666666666
10
10.333333333333334
9.666666666666666
9
10.333333333333334
10
12
10
10.333333333333334
9.666666666666666
10.333333333333334
10
9.666666666666666
10.333333333333334
9.666666666666666
10.333333333333334
10
10
10
9.333333333333334
10.666666666666666
11
10.333333333333334
10
10
45.333333333333336
16.666666666666668
14.666666666666666
12.666666666666666
12.333333333333334
10.333333333333334
9.333333333333334
9.666666666666666
9.333333333333334
10
10
9.333333333333334
10.333333333333334
9.666666666666666
10.333333333333334
10.333333333333334
9.333333333333334
10
10
11
10
9.666666666666666
10.333333333333334
10
10
10
10
9.666666666666666
9.666666666666666
10.333333333333334
10
16
13.333333333333334
17
12
10.333333333333334
10.333333333333334
9.333333333333334
10.333333333333334
9.666666666666666
10.333333333333334
10.666666666666666
9.666666666666666
10.333333333333334
9.666666666666666
10
10
9.666666666666666
11
9.333333333333334
9.333333333333334
10.333333333333334
9.666666666666666
9.666666666666666
10.333333333333334
10
9.666666666666666
9.666666666666666
10.333333333333334
9.666666666666666
9.333333333333334
10.666666666666666
10
10.333333333333334
9.666666666666666
11
10.666666666666666
9.666666666666666
10
10
10
9.666666666666666
10.333333333333334
9.666666666666666
10.333333333333334
9.333333333333334
10
10.333333333333334
10.666666666666666
10
10
10
10
9.333333333333334
10
10.333333333333334
9.333333333333334
10.666666666666666
9.666666666666666
9.666666666666666
10.333333333333334
9.666666666666666
43.666666666666664
17.666666666666668
13.666666666666666
13
13
12
11.666666666666666
12
11.666666666666666
11.333333333333334
11
11.666666666666666
11.666666666666666
11.333333333333334
11.666666666666666
11.333333333333334
12.333333333333334
11.333333333333334
12
11
12
11.666666666666666
11.666666666666666
12
11.666666666666666
11.333333333333334
12
11.666666666666666
11.333333333333334
11.333333333333334
11.666666666666666
12
12
11
12.666666666666666
11
16.333333333333332
9.333333333333334
10.666666666666666
9.333333333333334
10
10
9.333333333333334
10
10
10
9.666666666666666
10
10
9.333333333333334
10.666666666666666
9
9.333333333333334
10.666666666666666
9.333333333333334
10.333333333333334
9.333333333333334
10
9.666666666666666
9.333333333333334
10.666666666666666
9.333333333333334
9.666666666666666
10
9.333333333333334
10.666666666666666
9.666666666666666
10
9.666666666666666
9.666666666666666
10.333333333333334
9.333333333333334
9.333333333333334
10
9.666666666666666
10.333333333333334
9.666666666666666
9.666666666666666
9.666666666666666
9.666666666666666
9.666666666666666
10.333333333333334
10.333333333333334
9
10.666666666666666
9.333333333333334
10
10.333333333333334
9.333333333333334
9.666666666666666
10.666666666666666
10.333333333333334
10
10
10
10
11
9
10
9.666666666666666
43.666666666666664
18.333333333333332
16.666666666666668
11.666666666666666
10
10
10
9.666666666666666
9.666666666666666
10
9.333333333333334
10
10.333333333333334
9.333333333333334
10.333333333333334
9.333333333333334
10
9.333333333333334
12
9.666666666666666
9
10
9.333333333333334
10.333333333333334
9.666666666666666
9.666666666666666
9.666666666666666
10.666666666666666
9.666666666666666
10
9.666666666666666
10.333333333333334
9.666666666666666
9.666666666666666
10
9.666666666666666
10
10
10
9.333333333333334
10.333333333333334
9.333333333333334
10
9.666666666666666
10.333333333333334
10.666666666666666
9.666666666666666
10.333333333333334
10.666666666666666
10
10
9.666666666666666
10
10
10.333333333333334
9.666666666666666
10.333333333333334
10.333333333333334
10
9.666666666666666
10.333333333333334
10
9.333333333333334
10
10
9.333333333333334
10
10
9.666666666666666
10
10
9.666666666666666
9.333333333333334
10
10
9.333333333333334
9.666666666666666
10
9.666666666666666
10
10.333333333333334
9.666666666666666
9.333333333333334
10
10
9.666666666666666
9.333333333333334
10.333333333333334
11
10.333333333333334
10
9.666666666666666
10
9.666666666666666
10.333333333333334
9.333333333333334
10.333333333333334
10.333333333333334
9.666666666666666
9.333333333333334
10.333333333333334
9.333333333333334
10.333333333333334
9.666666666666666
10
10
9.666666666666666
10.666666666666666
10
9.666666666666666
10.333333333333334
9.333333333333334
10
10.666666666666666
9.666666666666666
9.666666666666666
10.333333333333334
10
11
10.333333333333334
