26.8
27
27.2
26.8
26.4
26.4
27
28.2
27.2
26.2
41.4
26.4
26
26.4
26.6
27
32.6
28.6
28
26.6
26.6
26.6
45.2
32
26.2
26.4
25.8
26.6
26.2
25.8
25.8
26.2
26.6
25.8
26.4
26.2
26
26
25.8
27.2
30.8
27
27.2
26.6
26.8
26.4
26.2
26.2
26
26.2
26.6
26
26.4
26.2
27.8
26
26.6
26
26.2
26
26.6
26.2
27.4
33.6
27.2
26.4
26
26.2
25.8
26.2
26.4
26.6
26
26.4
26.2
26.2
26.6
26.4
26.6
27
26.2
25.8
26.6
26.6
25.8
55.8
26.4
26.4
26
26.2
25.8
26.6
25.6
26.6
26
26.4
26
26.2
27.6
26.4
26
26.2
26.4
26.4
25.8
26
26
26.6
26.4
26
26.2
26.6
26.2
28.4
26.2
26
26
25.4
26.8
25.6
26
26.2
26.4
27
26
25.8
32.4
27
27
26.4
26.4
26.4
26.2
26
26.2
26.8
26.4
26.4
26.2
26
26.2
26.6
26.4
26.2
26.6
25.8
26.2
27
26.2
26.4
26
26.4
26
26.2
26.4
26.6
26.4
26.2
26.2
26.4
26.6
26.2
25.8
26.2
26.2
26.2
26
26.4
26.2
26.4
25.8
26.6
26.4
26
26.4
26.4
26.4
26.8
26.2
26.2
27.2
27.2
26.2
26.4
26.4
26
26.4
26.4
32.2
26.6
26.4
26.2
26
26.2
26.8
26.8
26.6
26.2
26
26
26.2
26.4
26
26.2
26.2
26.4
25.8
26
26.4
26.4
26.2
26.2
25.8
26.4
26
30.6
30.8
27.6
26.4
26
26.6
26.2
26.6
26.2
26.6
26.6
26.4
26.6
26
26.2
26.6
25.8
27
25.8
26.4
26.6
26
26.2
26
26.8
26
26.4
27.2
26
26.2
26.2
26
26.2
26.8
26.2
26.2
27
26.6
26.2
26.6
26.2
25.8
26.8
26.6
26
26.4
26.8
26
26.2
26.2
26
26.2
26
26.4
26.6
26
26.2
26.4
26.2
26.4
26.6
25.8
26
26.6
26.8
29.8
26
27
26.4
26.8
26.4
26.2
26.6
26.4
26.4
26.6
26
26.6
26.2
26.8
25.8
26.6
26.4
48
26.4
26.8
26.2
26.6
26.4
26.2
25.8
27.2
26.2
26.4
26.4
26.2
26.4
28.4
26.8
26
26.2
26
26.4
26
26
26.2
25.6
26.2
26.6
26
26.2
26.2
26.6
26.6
26.4
26.4
26
26
26
26
26.2
26.4
26.4
27.2
26
26.2
31
28
26.8
26.8
26.4
25.8
26
26.4
26.2
26.8
26
26.4
26.2
26
26
26
26.2
26.2
26.8
25.8
25.8
26.4
26
26.6
26
26.4
26.6
26
26.4
28
26.4
26.2
26.2
26
26.6
26.2
26.2
26
27
26
26.4
26.2
26
26.4
25.8
26.4
26.4
26.4
26.4
26.6
26.2
26.4
26
26
26.6
26
26.2
26.2
25.8
26
26.2
26
26.4
26.2
25.8
26
27
26.4
26.2
26.6
26.2
26.4
26.4
25.6
26.2
26.4
26.4
25.8
26.6
26
26
26.2
26
26.8
26.2
25.8
26.6
26.2
26.4
27.8
26.6
26.4
26.2
26
26
26.4
26.2
26.2
26.2
26.2
26.2
26.2
26
50.2
26.8
26.2
26
26
26.6
26.2
26.2
26.6
26
26.2
26.2
26.6
26.6
25.8
26.6
26
25.4
26.2
26.2
26
26.4
26.4
25.6
26.4
26.6
26.6
26.4
26.2
25.6
26
26
26.2
26.4
25.8
26.6
26
26.2
26.2
25.8
27.2
26.4
26.6
26.8
26.4
26
26.4
26.4
26
26.2
26.2
31.6
26.6
26.6
26.4
26
26.4
26.2
26.2
26.6
26.4
26
26.4
25.6
26.2
26.2
26.2
26.2
25.8
26
26.2
26.2
51.2
26
26.4
26.2
26.4
26.2
25.8
25.8
28.4
27.8
27.2
26
26.4
26
26
26
26.4
26
26.2
26.6
25.8
26.2
26.4
26.2
26
26.2
26.4
26.2
25.8
26.4
26
26
26.4
26
26.2
26.4
26
26
26.2
26.4
26
26.4
26.4
26.2
26.4
26
26.4
26
26
26
26
26.6
26.2
26.2
26.4
26.2
26.6
26
26
26.2
25.6
26.6
26.6
26.6
27.8
27
26.2
26.2
26.2
26
26.4
26.6
26.2
26.4
26.2
26.4
26
26.4
26.4
26.2
26.4
26.2
26.4
26.4
26.2
26
26.2
26.2
26
25.8
26.2
27.2
26.8
26
26.2
26.4
26
26
26
26.8
26
26.2
25.8
26.6
26.4
26
26
25.8
26.6
25.6
26.4
26
26.2
26
26.4
25.8
26
26.4
26
26.6
26.2
26.6
26.4
26.4
26.2
26.4
25.8
26.6
31.6
26.8
26.4
26.2
26.2
26.4
26.6
25.8
26.2
26.4
26
26.2
25.8
26
26.4
26
25.8
26.6
26.2
26.2
26.2
26.6
26
26.2
26.2
26
26.2
25.6
26.4
26
26.2
26.2
26.2
29.6
28.2
26.4
25.8
26.2
25.8
26.2
25.8
26
26.2
26.8
26.2
50.8
26
26.2
27
26
26.2
26.4
25.6
26.2
25.8
26
26.2
26.2
26.6
26
26
26.4
26.2
26.6
27.2
26.6
26.4
26.4
26.2
26.2
26.8
25.8
26.4
26
26
25.8
26.4
26
26.4
26.2
25.6
26.6
25.8
26.2
26
26.2
26.2
51.8
26.2
27.6
27.6
26.2
26.2
26.2
25.6
26.4
26.4
26.4
26.2
26.2
26.4
26
26.2
26.8
25.8
26.4
26.2
26
25.6
26.4
26.2
26.2
26
26.4
26.2
27.8
26.6
26.2
27.4
26.6
26.2
26
26.4
26.4
26.4
25.6
26.8
26.6
26
26.2
25.8
26.2
26
26.6
26.2
25.6
25.8
26.4
26.6
26.2
26
25.8
26.6
26.2
26
26
26.4
26
25.8
26.6
26.4
26
26.2
27.4
30
26.6
51.8
26.6
26.6
26
25.6
25.8
26.6
25.8
26.4
26.4
26
26.4
26.2
26
26.4
26.4
25.8
25.8
26
25.8
26.4
26.2
30.4
26.6
26.2
26.4
25.8
25.8
26
26.2
26
26.6
26
25.8
26.2
26.4
26.2
26.6
26
26.2
25.8
26.4
26.2
26
25.8
26.2
26.4
26.4
26
26.6
26.4
26
26.2
25.8
26.4
26.4
26
26.4
26.4
26.2
26.2
26.2
26.4
26.8
37
26.6
26.6
26.2
26
26.2
26.6
25.8
26
26.4
26.2
26.4
25.8
26.4
50
25.8
25.6
26.2
26.6
26
26.6
25.6
31.4
27.6
26.8
26.6
26.2
26.2
25.8
25.8
26.4
26.2
26.2
26.2
26.2
25.8
26.4
26.2
26
26.6
25.4
26.8
26.2
26
26.8
25.8
26.2
26.2
26.6
26.2
26.2
26
26.2
26
26.2
26.4
26.2
26.6
26
26.4
25.8
26.2
26.2
26.2
26.4
26
26.2
26
25.8
26.2
26
26.2
26.6
26
26
25.8
26
26.6
26.4
26
26.2
26.4
26
26.2
26.6
26.2
26.2
29.4
27.4
26.6
26
26.2
25.8
26.6
26.4
26.4
26.8
26.2
26.4
25.8
26.4
26.4
26.4
26.2
26.2
26
26.4
26.6
27.6
26.8
25.8
26.4
26
26
26.2
26.2
26.4
26.2
26
27
25.6
26
26.8
26.4
26.6
26.2
26
26
26.2
26
26.6
25.8
26
25.6
26.2
26.2
