13.2
12
27.6
19
18.6
14.6
15
14.8
14.6
14
13.8
13.8
12.8
12.8
13.4
13
13.4
13.4
12.6
13.4
16.8
17.6
12.2
12.4
12
11.8
12
11.8
12
12
12
11.8
12
11.8
11.8
12
12.4
11.8
13.6
12.8
12.4
12.4
13
12.8
12.2
12.2
12.6
13
12.2
12.6
12.6
11.6
11.8
12.2
12
11.6
11.4
12
12.2
11.6
12
12.6
12.2
14.4
16.8
12.2
11.4
11.8
12.6
11.8
12.2
11.6
11.6
11.8
12
11.4
11.8
12.6
12.2
11.4
12
11.4
47.2
19
17
17.8
17.6
17.4
14.6
12.4
12.4
12.8
34
18
18
16.6
16
15.8
15.8
14.4
14
14
14
13.4
14.4
13.8
13.8
14.4
13.8
14
13.6
13.6
14.4
13.4
26
13.6
12.2
12.4
12.8
12.8
12.4
12.6
12.2
12.8
34.4
18.4
18.2
18.6
19.8
18.2
18.4
18.2
18.8
18.2
18.8
18.4
18.2
18.6
17.8
18.8
16.2
14.6
13.8
13.6
13.6
13.6
13.4
14
12.8
13.6
13.6
14
13.4
13.2
13.2
14
12.2
12
12.4
12.2
12.6
12.6
12
12.4
12
12.4
12.4
12
12.6
12.4
12.6
12.8
12.2
12.4
11.6
12
11.6
11.6
11.8
12
11.6
12.2
11.8
11.8
12.2
11.4
12
34.4
17.6
15.8
14
13.4
14.2
14.2
13.6
13.8
14
13.6
13.2
13
12.8
13
13
13.8
13.2
13.2
12.4
13.4
14.4
13
13.4
13
14
16.6
16.6
13.6
13
13
13.2
12.8
13.2
13.2
13.4
33.4
19
19.2
18.8
18.8
19.2
18.4
19.2
18
16
15
15.2
15.2
19.4
18.2
25.8
13
13.2
13.2
13.4
13.4
13.2
13.2
12.8
13.2
13.4
12.8
13.2
13.4
13
13.2
13.4
13
13.4
13
13.2
12.8
13
13
13
13.8
13.6
13.4
13
13.2
13.2
13.4
12.8
13
13.8
12.8
13
13
13.2
13
13.2
12.8
13.4
13
13.4
13
12.8
13
13.4
13.2
12.8
13.2
13
12.8
13.4
13.4
12.6
13.6
14
13.2
13
13.2
13.2
13
13
12.8
13.2
13.6
13
13.4
13
13
13.2
13.4
13.8
13.2
12.6
13
13.4
12.4
13.4
13
13.2
13.4
13.2
13
13.4
12.8
13
12.6
13.2
13
13
13.4
13
13
13
13.6
13.2
13.2
12.6
13.4
12.8
12.8
12.8
13.2
13.6
12.6
13.6
13
12.8
13.2
13.2
13.2
13.2
13.4
12.8
13
12.8
13
13.6
13.4
13.2
13
13.6
12.8
13
12.8
13.2
14
13.6
12.8
12
12.4
11.4
12
12
12.2
11.2
12.2
12
11.8
12
11.6
11.6
12
11.6
12
12.2
12
11
12.4
12
11.6
12.2
12.2
11.6
12.2
11.6
11.6
11.6
11.2
12
12
11.8
11.6
11.8
11.8
12
12
11.4
11.8
11.4
11.4
11.6
12
11.6
12
12
11.6
11.8
11.8
11.8
11.6
12
11.2
12.6
11.4
11.8
11.8
12.2
11.6
11.8
11.6
12
12.2
11.4
11.8
11.8
12.2
11.6
12
12
11.4
12
13
11.6
11.4
12
12
12
11.4
12.4
12
11.6
11.8
11.8
11.6
12
12
11.4
12
11.4
12
11.8
12
11.6
13
12
12
11.6
12
11.4
12.4
11.6
12
11.6
12
11.6
12.8
12
12.2
14.2
14.6
11.8
12
12
12
12.8
11.6
11.8
12.2
11.6
12.2
12
11.6
12.4
11.6
12
12
11.8
12
11.8
12.2
11.4
12.2
11.8
11.8
12
12
11.8
12
12
11.6
12
12
12
11.8
11.8
11.6
11.6
11.6
11.4
11.6
11.6
11.8
11.8
11.8
11.6
11.8
11.8
12
11.8
12.2
11.4
12.2
11.6
11.6
13.4
11.8
12
11.8
12
12
11.8
11.8
11.6
12
12
12
12.4
12
14
14.6
13
11.4
12
11.8
12
11.2
11.8
11.4
12.2
11.8
12.2
12.2
12.2
11.2
11.6
11.6
12
12
11.6
11.8
12.2
16.6
16.2
12.6
12
12.2
11.6
11.8
12
11.6
12.2
12.2
11.6
12.2
11.8
13.4
12.2
11
12.2
11.8
11.6
12.2
11.4
12
11.8
12
11.6
12
11.8
12.2
29.2
15.2
15.4
15.2
13.6
13.8
13
13.4
13.4
13.2
13.4
13.4
13.2
13.2
13
13.2
13.4
13.2
13.2
13.4
13
13.2
13.4
13.2
13.4
13.2
13.4
13.2
13.2
13
13.2
13.4
13
14.4
12.8
13.6
12.8
13
13.2
12.8
13.4
13
13.2
13.6
13
12.6
13.4
13.8
13.2
13
13.4
13.2
13.4
13.4
12.8
13.6
13.2
13.6
13.4
12.8
13.4
13.6
12.8
13.2
13.6
12.8
14
13.4
13.6
13.6
13.4
13
13.2
13.2
13.2
13.6
13.4
13
13.4
13.8
34
19.4
17.8
16.4
16.6
16.8
17.2
17
16.2
16.2
16.4
17
16.6
16
16.6
16.6
17
17
16.2
16.6
17.4
16
16.8
16.6
18.8
17
14.8
15
27.2
17.2
15.6
14.2
14.6
15.6
14.4
14.8
14.8
14.6
14.2
14.8
14.8
14.6
14.6
14.2
14.4
15
15.2
14.8
14.8
16
14
14.6
14.8
14.6
14.6
14.8
14.6
14.4
14.4
14.6
14.4
15
14.4
14.4
14.6
14.8
14.4
14.4
15.2
14.6
14.4
14.8
15
14.8
14
15
14.2
14.8
14.4
14.6
14.8
13.8
14.8
14.4
14.6
14.4
14.2
14.4
14.4
14.8
14.6
14.4
14.6
14.6
14.6
14.6
14.4
13.4
13
13.2
13.4
12.8
13.4
13
13.6
33.4
18.8
18.6
16.2
16.8
17
16.8
16.2
14.4
13.4
13.2
13.2
13.2
13.2
18
14.2
14.2
13.2
13.2
12.8
13.6
13.2
13.4
13.6
14
12.8
12
12
13.4
15
15
13
11.4
11.8
11.8
12
12.8
12.4
11.8
11.6
11.8
11.8
12
12
12
11.2
12.2
11.8
11.8
12.2
12
12
11.8
11.6
11.6
12
12
12
11.6
11.8
11.8
12
12
11.8
11.6
11.6
12
11.8
11.8
11.8
11.6
11.4
12
11.6
12
11.6
11.2
11.4
12
11.6
12.6
11.6
12
11.6
12
12
12.2
11.4
11.4
11.8
12.4
11.4
12
11.8
11.6
11.8
12
11.6
11.4
11.8
11.8
12.2
11.6
12
11.6
11.8
11.4
11.4
12.4
11.8
11.6
11.8
11.8
13
12
11.2
12.2
11.6
12
12
11.8
11.6
11.6
12.4
17.6
12.6
11.8
11.8
11.6
12.2
11.8
11.6
11.6
11.8
12.2
11.6
12
12
11.6
12.2
11.6
12.2
11.4
11.8
12
11.8
11.6
12.2
11.6
11.8
12
11.6
12
11.6
11.8
11.6
12
11.8
11.8
11.6
11.8
12
11.8
11.8
11.4
12
12
11.6
11.6
12
11.4
11.8
11.8
11.4
12
11.6
11.6
11.8
12
11.8
11.8
11.4
12
12
11.4
11.6
12.6
12.8
12
12
11.6
12
12.6
12.2
12.4
11.8
11.8
11.4
11.6
12
11.6
11.8
11.4
11.8
11.8
11.6
12.2
11.8
11.8
11.6
12
11.6
11.8
