32.333333333333336
31.333333333333332
31
30.666666666666668
32
32.333333333333336
30
30.666666666666668
30.666666666666668
30.333333333333332
31
30.333333333333332
30.666666666666668
31
31.333333333333332
32
31.333333333333332
31
47
41
29.333333333333332
29.333333333333332
29.666666666666668
29.333333333333332
30.333333333333332
29.666666666666668
56
29.666666666666668
29.333333333333332
30
30.333333333333332
30.666666666666668
30.333333333333332
31
30
31.666666666666668
30.666666666666668
30.333333333333332
31.333333333333332
30.333333333333332
31
31
30.666666666666668
48.333333333333336
33.333333333333336
56.333333333333336
30.666666666666668
30.333333333333332
29.333333333333332
30
31
42.666666666666664
44.666666666666664
29.666666666666668
29.333333333333332
31
29.666666666666668
30.666666666666668
36
30.666666666666668
43.333333333333336
30.333333333333332
30
29.666666666666668
30.333333333333332
43.333333333333336
30.333333333333332
30.333333333333332
30
30
30.333333333333332
29.666666666666668
30.333333333333332
30.333333333333332
30.666666666666668
30
30
30
29.666666666666668
30
29.666666666666668
30.666666666666668
29.333333333333332
30
29.666666666666668
29.666666666666668
29.666666666666668
30.333333333333332
29.666666666666668
29.666666666666668
29.666666666666668
113.66666666666667
42
29.666666666666668
29.333333333333332
29.666666666666668
30
30.666666666666668
29.666666666666668
30.666666666666668
