13.6
26.2
20.8
19.4
19
14.8
13.6
12.6
12.8
12.4
12.6
12.4
12.4
12.6
12.6
12.4
12.4
12.6
12.8
12.6
12.8
14.8
15.6
15.2
12.2
12.8
12.2
12.8
12.4
12.4
12
12.8
12.6
12.6
12.4
12.2
12.2
12.4
12.6
12.4
12.4
16.4
68.8
24.2
34.2
16
13.4
13
13.2
13.2
13
12.8
12.2
13
12.2
12.4
12.4
13.6
12.2
12.6
12.6
12.6
12.6
12.4
12
12.4
12.2
12.6
12.6
12.2
12
12.2
12.4
12.4
12
13
12.2
12.4
12.2
12.6
12.6
15.8
15.8
19.4
12.6
12.2
12.4
13
12.4
12.4
12
13.2
12.2
12.6
12.2
12.4
12.6
12.4
12.6
12.4
12.2
12.2
12.6
12
12.4
12.2
12.4
12.2
12.8
12.2
12.6
12.4
12.6
12.6
12.2
12.4
12.6
12
12.4
12.4
12.6
12.4
12.2
12.4
12.8
12
12.8
11.8
12.4
12.8
12.2
12.2
12.6
12
12.4
12.6
12.2
12.2
13.2
12.6
12.6
12.6
12
12.6
12
13.2
12.2
13
12.6
12.4
12.4
12.6
12.8
12.6
13.2
12.2
13.2
12.6
12.6
12.6
12.6
12.6
12
12.8
12.2
12.2
12.6
12.4
13
12.6
11.8
13.2
12.2
12
13
12.2
12
12.6
12.2
12.2
12.2
14
12.2
12.4
12
12.4
12
12.4
11.8
12.6
12
12.6
12.2
12.6
12.8
12.2
12.6
12.2
12.6
12.2
12.6
12.2
12.6
12.4
12.6
12.8
12.6
12.6
12.4
12
12.6
12.2
12.4
12.4
12.6
12.2
12.6
12.2
12.4
12.4
12
12.4
12.4
12.2
12.4
12.8
12.4
17.4
13
14.4
13.2
12.2
12.6
12.6
12.2
12.6
12.4
12.4
12.8
12.8
12.2
12.4
12.2
12.2
12
12.4
12.2
12.6
12.4
12.4
12
12.2
12.6
12
12.2
13
12.4
12.6
12.4
12.8
12.2
12
12.6
12.4
12
12.4
12.2
12
12.6
12
12.4
13.4
12
12.2
13.6
18.2
14
12.8
12.6
12.6
12
12.6
11.8
12.4
12.6
12.4
12.6
12.4
12
12.6
12
12.6
12.8
12.2
12.2
13.2
12.6
12.2
12.8
12.2
12.2
12.2
12.6
12.2
12.6
12.2
12.4
12.4
12.6
13
12.2
12.2
12.2
12.4
12.4
12.4
12.8
12.6
12.6
12.2
12.2
12
12.4
12.8
11.8
12.6
12.4
12.4
12
12.4
12
13.4
11.6
12.4
12.2
12.4
12.2
12.4
12.4
12.4
12.4
12.4
12.8
12.2
15.6
15.4
13.4
12.2
12.2
12.6
12.8
12
12.8
13
12.6
14
11.8
12.2
12.2
12.8
12.4
12.8
11.8
12.8
12.4
12.6
12
12.2
12.2
12.8
12
12.4
13.2
12.2
12.2
12.8
12
12.4
12.4
11.8
12.4
12.6
12.2
12.6
12.4
12.6
12.8
12.6
12
12.2
12.4
12.6
12.4
12
12.8
12
12.4
11.6
13
12.2
12.4
13
38.4
19.2
16
12.4
12.4
12
13
12.8
11.8
13
12
12.2
12.4
12.2
12.2
12.6
12
13
12.4
12.4
12.4
12.4
11.8
12.4
11.8
13.2
12.2
12.4
12.2
12.4
12.4
12.2
12.6
12.2
12.4
12.6
12.4
12.2
12.4
12.2
12.4
12.4
12.4
12.4
12.2
12.6
12.2
12.4
12.4
12.6
11.6
12.6
12.2
12.2
12.4
12.6
12.4
13.6
12.8
12.6
13.2
12.8
12.2
12.8
12
12.6
12.4
13
12.2
12.4
12.6
12.2
12.4
12.4
13
12.4
12.6
11.8
12.6
12
12.2
12.4
12.4
12.6
12
36.4
17.8
13.6
13.2
13
12
12.4
12.4
12.2
12.4
12.4
12.2
13
14
19
12.2
12.6
12.4
12
12.6
12.4
12.4
12.4
12.8
12
12.4
12.4
12.4
12.4
12.2
12.4
12.2
12.4
12.6
12.4
12
12.4
12.8
12.8
12.6
12.4
12.4
12.6
12.2
12.2
12.6
12.6
12.2
12.2
12.4
12.4
12.4
12
12.8
12.4
12.2
12.2
12.2
12.6
12.4
12.4
13.4
12.4
13.4
17.6
13.8
12.4
12.2
12.4
12.6
12.4
12.4
12.4
12.6
12.8
12
12.8
12.2
12.4
12.2
12.4
12.6
11.6
12.2
12.4
12.6
12
13
12.4
12.4
12.6
12.4
12.6
12
12
12.8
12.2
12.2
13.2
17.6
13
13
12.8
12.6
12.2
13
11.8
13.2
12.6
12
12.2
12.2
12.8
12.2
12.2
12.2
12.8
12.4
12.4
12.8
12.2
12.4
12.4
12.4
12.2
12.8
12.4
12.4
12
12.6
14.4
12
12.4
12.6
12.2
12.2
12.4
12
12.6
12.4
12.2
12.4
12.2
12.4
12.6
35.8
15.4
13.8
12.8
13.6
12.2
12.4
12.4
12.4
12.4
12.8
12.4
13.6
12.2
12.4
12.4
13.6
12.8
17.4
13.6
12.6
12.8
12.6
12.4
12.2
12.4
12
12.8
12
12.4
12.4
12.6
12.4
12.4
12.4
12.6
12.6
12.6
12.2
12.6
12
12.8
12
14.6
33.6
17.8
13.8
13.6
12.8
12.6
12.6
12.4
12.4
12.8
12.4
12.4
12.4
12
12.2
12.2
12.4
12.6
12.2
12.2
12.4
12.2
12.8
15.4
14.4
14.6
12.4
12.2
12.6
11.8
12.6
12.4
12.4
12.2
13
12.6
12.4
12
12.4
12.4
12.6
12.6
12.2
12.2
12.4
12.4
12.6
12.6
12.4
12.8
12
13
12.2
12.4
12.6
12.4
15.4
12.6
12.4
13
12
12.8
12.2
12.4
11.8
13
12.2
12.8
12.4
12.2
12.4
12
12.6
12.2
12.4
12.6
12.2
12.4
13
12
12.4
12.4
12.2
12.2
12
12.2
12.2
12.6
12.4
12.8
12.2
12.2
12.8
12.2
13
12.6
12
12.4
12.4
12.6
12.4
12.6
12
12
12.6
12.2
12.4
12.2
12.2
12.4
12.2
12.4
12.2
12.2
12.4
12.2
12.4
12.2
12.8
12.4
12.2
12.4
12.4
12.4
12.2
13
12.4
12.4
12
12.4
33.6
17.8
12.8
12.8
12.4
12.2
12.6
12.4
12.6
12
12.4
12.6
12
12.2
11.8
12.6
12.6
12.6
14
13
12.4
12.4
12.2
13
13
12.6
12.6
12.4
12.4
12
12.8
12.2
12.4
12.6
12.6
12.2
13
12.2
12.4
12.4
13
12.2
12
12.6
12.4
12.8
11.8
13
12.2
12.4
12.6
12.4
12.2
14.8
11.8
12.6
12
12.4
12.2
12
12.6
12
12.6
12
12.4
12.6
11.8
12.8
12.6
13.2
17.4
13
12.8
12.4
12.8
12.2
12.4
12.8
12
12.6
14
12.4
12.4
12.2
12.6
12.4
12.2
12.4
12.4
12.2
12.6
12.6
12.2
13
12
12.6
12.4
12.4
12.2
13
12.2
13
15.6
15.4
13.8
12.2
12.4
12.8
12.2
12.4
12.4
12.4
12.8
12.4
12.6
12.6
14.4
12.4
12.8
12
12.6
12.4
12.2
12.8
12
12.4
12.6
12.4
12.6
12.2
12.6
12.4
12
12.8
12.4
12.4
12
13.4
12.6
12.8
16
12.2
12.6
12.6
12.8
12.2
13
12.6
13
15.6
14.2
14.4
13.2
11.8
12.2
12.4
12.2
12.8
12.4
11.8
12.6
12
12.6
12.8
12
12.4
12.4
12.6
12.4
12.4
12.4
12.2
12.6
11.6
13.2
12
12.4
12.4
12.4
12
12.2
12.6
12.2
12.6
12.2
12.2
13
12.8
12.6
12.6
12.6
12
12.2
12.8
