13.333333333333334
27.333333333333332
22.666666666666668
16.333333333333332
11.666666666666666
11.333333333333334
10.666666666666666
11.333333333333334
11
10.666666666666666
10.666666666666666
11.333333333333334
11
10.333333333333334
10
10.666666666666666
11.333333333333334
46.333333333333336
22.666666666666668
18.666666666666668
12.666666666666666
10.333333333333334
12
18.666666666666668
13
12.333333333333334
10.666666666666666
11
11
10.333333333333334
10.333333333333334
10.666666666666666
12
11
10.333333333333334
11
10.333333333333334
11.333333333333334
10.333333333333334
10.333333333333334
10.666666666666666
10.666666666666666
11
10.333333333333334
10.333333333333334
10.333333333333334
10.333333333333334
10.666666666666666
11
10.333333333333334
10.666666666666666
10
11.333333333333334
10.333333333333334
10.666666666666666
10.333333333333334
10.333333333333334
10
11
10
11.333333333333334
11
11.333333333333334
10
10.333333333333334
11
10.333333333333334
11.333333333333334
10.666666666666666
10.333333333333334
9.666666666666666
10.666666666666666
10.666666666666666
10
48
16.666666666666668
11
11
10.333333333333334
10.666666666666666
10
10.666666666666666
10.333333333333334
10.333333333333334
10.333333333333334
10.666666666666666
10.333333333333334
11
10.333333333333334
11.333333333333334
10.333333333333334
10.333333333333334
10
10
10.333333333333334
10
11.666666666666666
10.666666666666666
10.666666666666666
10
