7.666666666666667
7
19
11.333333333333334
14
13
11.333333333333334
8
8.333333333333334
8.333333333333334
8.666666666666666
9.666666666666666
10.666666666666666
16.333333333333332
12
15.666666666666666
9
8.666666666666666
8.666666666666666
9
9.333333333333334
8.333333333333334
9.333333333333334
9.333333333333334
7.666666666666667
9
8
9
7.666666666666667
7.666666666666667
37.333333333333336
12.666666666666666
12
9.333333333333334
8
7.666666666666667
7.333333333333333
9
7.666666666666667
9.666666666666666
7.666666666666667
7.333333333333333
53.666666666666664
12
11.666666666666666
12.666666666666666
11.666666666666666
11.666666666666666
14.333333333333334
8.666666666666666
6.666666666666667
7
6.333333333333333
6.666666666666667
6.666666666666667
6
7
7.333333333333333
6.333333333333333
6.666666666666667
6
7
6.333333333333333
6.333333333333333
6.666666666666667
6.333333333333333
7
6.666666666666667
6
7
6.333333333333333
6.666666666666667
6.333333333333333
7
6.333333333333333
6.666666666666667
6.666666666666667
6.666666666666667
6.333333333333333
7
6.333333333333333
6.333333333333333
7
6.333333333333333
6.333333333333333
6.666666666666667
7
6.333333333333333
7
6.666666666666667
83
10.333333333333334
7.333333333333333
6.666666666666667
6.333333333333333
7
6
6.333333333333333
8
6
6.333333333333333
6.666666666666667
7
6.333333333333333
7
6.333333333333333
6.666666666666667
6.666666666666667
6.666666666666667
7
6
6.666666666666667
6.333333333333333
7
6.333333333333333
6.666666666666667
6
6.666666666666667
7
6.666666666666667
6.333333333333333
6.666666666666667
6.333333333333333
7
6.333333333333333
6.333333333333333
6.333333333333333
6.666666666666667
7
6.333333333333333
6.666666666666667
6.666666666666667
6.333333333333333
6.666666666666667
7.333333333333333
6.666666666666667
6.333333333333333
6.333333333333333
7
6.333333333333333
6.666666666666667
6.333333333333333
40
12
11
12.666666666666666
12.666666666666666
11
12
11.666666666666666
11.666666666666666
11.666666666666666
11
12.666666666666666
11.333333333333334
10.666666666666666
12
12
12
11.333333333333334
11.333333333333334
12
11.666666666666666
11.666666666666666
11.333333333333334
11
12.333333333333334
11.333333333333334
12.333333333333334
11.333333333333334
11.333333333333334
12.333333333333334
10.333333333333334
9.333333333333334
7.666666666666667
7.333333333333333
6
6.666666666666667
6
6.666666666666667
6.333333333333333
7
6.333333333333333
6.666666666666667
6.666666666666667
6.333333333333333
7.333333333333333
5.666666666666667
7
6.666666666666667
6.333333333333333
6.666666666666667
6
6.666666666666667
6.333333333333333
8.666666666666666
6.666666666666667
6.333333333333333
6.666666666666667
6
6
7.666666666666667
6.333333333333333
8.666666666666666
13
9.666666666666666
8
6.666666666666667
6.666666666666667
7
6.333333333333333
6.333333333333333
6.333333333333333
6.333333333333333
6.333333333333333
7.333333333333333
5.333333333333333
6.666666666666667
6.666666666666667
6.333333333333333
7
6
7
6.333333333333333
6.333333333333333
7
6.333333333333333
6.666666666666667
6.333333333333333
7
6.333333333333333
6.666666666666667
6.333333333333333
6.666666666666667
6.333333333333333
7
6.333333333333333
6.333333333333333
7
6.666666666666667
6.333333333333333
6.333333333333333
6.666666666666667
6.666666666666667
6.666666666666667
6.666666666666667
6
6.666666666666667
34.666666666666664
11.333333333333334
12
11.333333333333334
11.666666666666666
11.666666666666666
12
12
12.666666666666666
9.666666666666666
10
9
9.333333333333334
9.333333333333334
9.333333333333334
11.666666666666666
9.333333333333334
9.666666666666666
10
9.333333333333334
9.666666666666666
9
8.333333333333334
7.666666666666667
6
7.666666666666667
6.333333333333333
7.333333333333333
7.333333333333333
7
6.666666666666667
7.333333333333333
7.333333333333333
6.666666666666667
7
7.333333333333333
6.666666666666667
7.666666666666667
7.666666666666667
6.666666666666667
7.333333333333333
6.666666666666667
7.666666666666667
7.666666666666667
6.666666666666667
7.333333333333333
7.666666666666667
6.666666666666667
7.333333333333333
6.666666666666667
7.666666666666667
7
6.666666666666667
7.333333333333333
6.666666666666667
8
7
6.666666666666667
7.333333333333333
7.333333333333333
7.333333333333333
7.333333333333333
7
6.666666666666667
7.333333333333333
8.333333333333334
6.666666666666667
6.666666666666667
7.333333333333333
7.333333333333333
6.666666666666667
7
6
7
6.666666666666667
6.666666666666667
6.666666666666667
6.666666666666667
7.333333333333333
6.333333333333333
6.333333333333333
6.333333333333333
6.666666666666667
6.666666666666667
6.666666666666667
6.666666666666667
6
6.666666666666667
6.333333333333333
6.333333333333333
6.333333333333333
6.666666666666667
6.333333333333333
6.666666666666667
6.666666666666667
6.333333333333333
7
6
6.666666666666667
7
6.666666666666667
6.666666666666667
6
7
6.666666666666667
6.333333333333333
6.333333333333333
6.666666666666667
6.333333333333333
6.333333333333333
6
7
6
35.333333333333336
10.333333333333334
8
8
7.666666666666667
7.333333333333333
7.333333333333333
6.666666666666667
6.666666666666667
6
6.333333333333333
6.666666666666667
7
6
6.666666666666667
6.666666666666667
7
6
6.666666666666667
6.333333333333333
5.666666666666667
6.666666666666667
7
6.333333333333333
6.333333333333333
6.666666666666667
7
8
6.666666666666667
6.333333333333333
6.333333333333333
6.666666666666667
6.333333333333333
6.333333333333333
8
7
15.666666666666666
11.666666666666666
9.333333333333334
7
5.666666666666667
6.666666666666667
6.666666666666667
6.666666666666667
6
6
7
8.666666666666666
6
6.666666666666667
6.333333333333333
6.666666666666667
7
6.333333333333333
6.666666666666667
6.666666666666667
7
6
6
7.333333333333333
7
6.666666666666667
6
6.666666666666667
6.333333333333333
6.666666666666667
6.666666666666667
6.333333333333333
6.666666666666667
7
6.333333333333333
6.666666666666667
6.666666666666667
6.666666666666667
6.666666666666667
6
6.333333333333333
7
6
7
6.333333333333333
6.666666666666667
6
6.666666666666667
6.333333333333333
6.666666666666667
6.666666666666667
6.333333333333333
6
6.333333333333333
6.333333333333333
6.333333333333333
8
6
6.666666666666667
6.666666666666667
6
6.333333333333333
6.333333333333333
6.666666666666667
6.333333333333333
6.666666666666667
6
6.333333333333333
6.666666666666667
6.333333333333333
7
6.333333333333333
6
7
6
6.666666666666667
6.666666666666667
6.333333333333333
6.333333333333333
7
6
6.333333333333333
6.333333333333333
6.333333333333333
6.666666666666667
6.333333333333333
6.666666666666667
6
6.333333333333333
6.333333333333333
6.666666666666667
6
6.333333333333333
6.333333333333333
6
6.666666666666667
6.333333333333333
6.333333333333333
6.333333333333333
6.666666666666667
7
6.333333333333333
6
6
6.666666666666667
7
6
6.666666666666667
6.333333333333333
6.333333333333333
7
7.333333333333333
6.666666666666667
6.333333333333333
6.666666666666667
6.666666666666667
6
6.666666666666667
5.333333333333333
6.666666666666667
7
6.333333333333333
6.333333333333333
6.333333333333333
7
6.333333333333333
6.333333333333333
6.666666666666667
6
6.666666666666667
6.666666666666667
7
6.333333333333333
6.333333333333333
6.333333333333333
7
6.666666666666667
6.666666666666667
6
6.666666666666667
6.666666666666667
6.666666666666667
6.666666666666667
6
7
6
6.666666666666667
7.333333333333333
6.666666666666667
14.333333333333334
10
13
6.666666666666667
6.666666666666667
6.666666666666667
6.333333333333333
7
6.666666666666667
6.333333333333333
7
6.666666666666667
6.666666666666667
6
7.333333333333333
6.666666666666667
7
7
6.666666666666667
6.333333333333333
6
6.333333333333333
7.666666666666667
6
6
6.666666666666667
6.666666666666667
6.666666666666667
6.333333333333333
6
7.333333333333333
6.333333333333333
7
6
6.666666666666667
6.666666666666667
6.666666666666667
7
6
7
6.333333333333333
6.333333333333333
6.333333333333333
6.333333333333333
6.666666666666667
6
6.666666666666667
6.666666666666667
6.333333333333333
7.333333333333333
6.333333333333333
6.666666666666667
6.333333333333333
6.333333333333333
6.666666666666667
6.333333333333333
7
6.333333333333333
6.666666666666667
6.333333333333333
5.666666666666667
7
6.666666666666667
6.666666666666667
6.666666666666667
6.333333333333333
6
6.666666666666667
6.666666666666667
6.333333333333333
6
6
6.666666666666667
7.333333333333333
6.666666666666667
7
6
6.666666666666667
6.333333333333333
7.333333333333333
6.666666666666667
6.666666666666667
8.333333333333334
6.333333333333333
6.666666666666667
6.333333333333333
7.333333333333333
6.333333333333333
6.333333333333333
6.333333333333333
6.333333333333333
6.666666666666667
6.333333333333333
6.333333333333333
7
5.666666666666667
6.666666666666667
6.666666666666667
6
6.333333333333333
7
7
6.333333333333333
6
7
7.666666666666667
6.666666666666667
6
6.333333333333333
6.666666666666667
6.333333333333333
6.333333333333333
6.333333333333333
6.666666666666667
6.666666666666667
6
6.333333333333333
6.333333333333333
6.333333333333333
5.666666666666667
6.333333333333333
6.666666666666667
6
7
6.666666666666667
6.666666666666667
6.666666666666667
6.333333333333333
7.333333333333333
6.666666666666667
6.666666666666667
6.333333333333333
6.333333333333333
6.666666666666667
7.666666666666667
6.666666666666667
6.666666666666667
7
6
6.333333333333333
7
6.333333333333333
6.666666666666667
6
7
6.333333333333333
6.333333333333333
6.666666666666667
6.333333333333333
6.666666666666667
7
6
6.333333333333333
6.666666666666667
7
6.333333333333333
6.333333333333333
6.333333333333333
6.666666666666667
6.666666666666667
6.333333333333333
6
6.333333333333333
6.666666666666667
7
6.333333333333333
6.333333333333333
6.666666666666667
6
7.333333333333333
6.333333333333333
6.333333333333333
6.333333333333333
7
6.333333333333333
7.333333333333333
6
7
6
7.333333333333333
6.333333333333333
6
8
6.333333333333333
6.666666666666667
7
5.666666666666667
6.666666666666667
6.333333333333333
7
6.666666666666667
6
6.333333333333333
6.666666666666667
6.333333333333333
6.333333333333333
6
6.333333333333333
6.666666666666667
8
6
6.333333333333333
6.333333333333333
6.333333333333333
6.333333333333333
6.333333333333333
6
6.333333333333333
7.666666666666667
6
6.333333333333333
6.333333333333333
7
6
6.333333333333333
6.666666666666667
5.666666666666667
7
6.333333333333333
6
7
6.666666666666667
6
7
6
7
6.333333333333333
6.333333333333333
7
6
7
6.333333333333333
6
6.666666666666667
6.333333333333333
7.666666666666667
6.333333333333333
6.666666666666667
7
6.666666666666667
6.333333333333333
6.666666666666667
6.333333333333333
7
6.333333333333333
6.333333333333333
6.666666666666667
6.333333333333333
6.333333333333333
6
7.333333333333333
6.333333333333333
6
6.666666666666667
6.333333333333333
6
6.666666666666667
6.666666666666667
6.666666666666667
7.333333333333333
6.666666666666667
14.333333333333334
10.333333333333334
13.333333333333334
7
6.333333333333333
6.333333333333333
6.666666666666667
6.666666666666667
6.666666666666667
6.333333333333333
7
6.333333333333333
6.666666666666667
6.666666666666667
6.333333333333333
7
6
6.666666666666667
6.333333333333333
5.666666666666667
6.666666666666667
7
6.333333333333333
6.333333333333333
6.333333333333333
6.666666666666667
6.666666666666667
6.666666666666667
6.333333333333333
6
6.666666666666667
6
7
6.333333333333333
6
6.333333333333333
6.666666666666667
6.333333333333333
6.666666666666667
6.333333333333333
6.333333333333333
6.666666666666667
6.666666666666667
5.666666666666667
7
6.333333333333333
6.333333333333333
6.666666666666667
6
6.666666666666667
6.333333333333333
6
6.666666666666667
5.666666666666667
6.666666666666667
6.666666666666667
6.333333333333333
6
7
7
6
6.666666666666667
6.666666666666667
6
7
6.333333333333333
6.333333333333333
7
6
6.666666666666667
6.333333333333333
6.333333333333333
7
6
6.333333333333333
7
6.333333333333333
7.333333333333333
6
6.333333333333333
7
6.666666666666667
6.666666666666667
7
6
6.666666666666667
6.333333333333333
6.333333333333333
6.666666666666667
6
7
6.333333333333333
6.333333333333333
6.333333333333333
6.333333333333333
6.666666666666667
6.666666666666667
6.333333333333333
6.333333333333333
6
6.666666666666667
6.333333333333333
7
6.333333333333333
6
6.333333333333333
6.666666666666667
6.666666666666667
6.666666666666667
6.333333333333333
6.666666666666667
6.666666666666667
6.333333333333333
6.666666666666667
6.666666666666667
6
8.333333333333334
6.666666666666667
6
6.666666666666667
7
6.333333333333333
6.666666666666667
5.666666666666667
6.333333333333333
6.666666666666667
6.666666666666667
6.333333333333333
6
6.333333333333333
7
6
6.666666666666667
6
6.333333333333333
6.666666666666667
6.333333333333333
6.333333333333333
6
6
7
6
7
6
6.666666666666667
6
6.666666666666667
6.666666666666667
6.333333333333333
6.333333333333333
5.666666666666667
6.333333333333333
7
6.666666666666667
6.333333333333333
6
6.333333333333333
6.666666666666667
6
6
6
6.666666666666667
6.666666666666667
6.333333333333333
6.666666666666667
6.333333333333333
6.333333333333333
7
6.333333333333333
6
6.333333333333333
6.333333333333333
7
6.333333333333333
6.333333333333333
6
6.666666666666667
8
6
6.666666666666667
6.666666666666667
6.333333333333333
7
6
6.666666666666667
7
6
6.666666666666667
6
6.333333333333333
7
5.666666666666667
7
