8.666666666666666
8.333333333333334
8
21.666666666666668
15.333333333333334
15
10.333333333333334
8.666666666666666
16
17.333333333333332
10.666666666666666
8.333333333333334
8.333333333333334
8
7.666666666666667
7.333333333333333
7.333333333333333
7.666666666666667
7
8.666666666666666
7.333333333333333
7
7.333333333333333
7.333333333333333
7.333333333333333
7.666666666666667
7.333333333333333
7
7.666666666666667
7.333333333333333
7.333333333333333
7
7.666666666666667
7.333333333333333
7.333333333333333
7
7.666666666666667
7.666666666666667
7.333333333333333
7.666666666666667
8
8
7.666666666666667
6.666666666666667
7.333333333333333
7.666666666666667
7.333333333333333
7.666666666666667
7.666666666666667
6.666666666666667
7.666666666666667
7
6.666666666666667
7
7.333333333333333
7.333333333333333
13.666666666666666
7.666666666666667
7
7.333333333333333
7.333333333333333
7
7
7
7.666666666666667
7
7.333333333333333
7.333333333333333
7.666666666666667
7
7.333333333333333
7
6.666666666666667
7.333333333333333
7.333333333333333
6.666666666666667
7.333333333333333
7
8
7.333333333333333
7.333333333333333
6.666666666666667
7
7.333333333333333
7.666666666666667
7
7
8
7
7
6.666666666666667
7
7.333333333333333
7
7
7
7.666666666666667
8.333333333333334
7
68.33333333333333
13
9.666666666666666
8.666666666666666
8.333333333333334
8.666666666666666
9.333333333333334
7.666666666666667
9
8.333333333333334
8
10
8.333333333333334
15
12.666666666666666
16
8
9
8.666666666666666
8.666666666666666
8.666666666666666
9.666666666666666
8.666666666666666
9
7.666666666666667
7.666666666666667
7.666666666666667
8
7.666666666666667
8
8.333333333333334
7.666666666666667
8
8.333333333333334
8.333333333333334
8.333333333333334
7
7.666666666666667
8.333333333333334
8
8
8.333333333333334
7.666666666666667
8
8
8.333333333333334
8
8
8
7.666666666666667
8
7
8.333333333333334
7.333333333333333
7.666666666666667
8
8.333333333333334
7.666666666666667
7.666666666666667
8
8.333333333333334
7.666666666666667
8
7.333333333333333
8
7.666666666666667
8.333333333333334
8
8.333333333333334
8
8
8.333333333333334
7.333333333333333
7.666666666666667
8.333333333333334
7.333333333333333
9.333333333333334
8
7.333333333333333
8
8
7.666666666666667
7.666666666666667
8.666666666666666
7.666666666666667
7.333333333333333
8
8.333333333333334
8
7.666666666666667
8.666666666666666
9.333333333333334
7.666666666666667
7.666666666666667
8
7.333333333333333
8.333333333333334
7.666666666666667
8
7.666666666666667
7.666666666666667
8
7.666666666666667
7.333333333333333
7.666666666666667
8
7.666666666666667
8
8.333333333333334
7.666666666666667
7.666666666666667
7.666666666666667
7.333333333333333
8
8
7.333333333333333
8
8.333333333333334
7.666666666666667
8
7.666666666666667
8
7
8
8
7.666666666666667
8
7.666666666666667
7.333333333333333
7.666666666666667
7.333333333333333
8.666666666666666
7.333333333333333
6.666666666666667
7.333333333333333
7
7
7
7.333333333333333
7.333333333333333
6.666666666666667
7.666666666666667
7
6.666666666666667
7.333333333333333
7.333333333333333
6.333333333333333
7.333333333333333
7.333333333333333
7
6.666666666666667
7.666666666666667
6.666666666666667
6.666666666666667
7
7.333333333333333
7
7
10.333333333333334
8.333333333333334
17.333333333333332
8
6.666666666666667
7
7.666666666666667
6.333333333333333
7.333333333333333
6.333333333333333
6.666666666666667
7.333333333333333
7
7
7
7
6.333333333333333
7
6.666666666666667
7.333333333333333
7.333333333333333
7
6.666666666666667
6.666666666666667
7
7.333333333333333
6.333333333333333
6.333333333333333
7.333333333333333
7
6.666666666666667
6.666666666666667
7.666666666666667
7
7.333333333333333
7
7
9
7
6.666666666666667
7.666666666666667
6.666666666666667
7.333333333333333
6
7.666666666666667
6.666666666666667
7
7.666666666666667
6.666666666666667
7.333333333333333
7
7
7
7
7
7
6.666666666666667
7
7
7.333333333333333
6.666666666666667
6.666666666666667
7.333333333333333
7
7.333333333333333
7
7
6.666666666666667
7.333333333333333
7.333333333333333
7.333333333333333
7.333333333333333
7
6.666666666666667
7
7
7.333333333333333
6.666666666666667
7
7.333333333333333
7
7
36.666666666666664
12.333333333333334
11.666666666666666
10
10
10.333333333333334
10
10.333333333333334
8.666666666666666
7.333333333333333
7
7.666666666666667
6.666666666666667
7
7.333333333333333
7.333333333333333
7
7.333333333333333
7.333333333333333
7
7
7.333333333333333
7
7.333333333333333
7
7
7
7.333333333333333
7
7
7.333333333333333
6.333333333333333
6.666666666666667
7.666666666666667
6.333333333333333
7.333333333333333
6.333333333333333
7.666666666666667
7
7
7.333333333333333
6.666666666666667
7
7
7.333333333333333
8.666666666666666
7.333333333333333
7.333333333333333
7
6.666666666666667
7
7
6.666666666666667
7.333333333333333
6.666666666666667
7
6.666666666666667
6.333333333333333
7.333333333333333
7
7
7
7
6.666666666666667
7.666666666666667
7
7.333333333333333
6.666666666666667
7
7.333333333333333
7
7.333333333333333
7
6.666666666666667
6.666666666666667
7.333333333333333
6.666666666666667
7
6.666666666666667
7.666666666666667
7.333333333333333
7
7
6.666666666666667
7.333333333333333
6.666666666666667
7.333333333333333
6.666666666666667
7
6.666666666666667
7.333333333333333
7
7
7.333333333333333
6.333333333333333
6.666666666666667
6.666666666666667
8.333333333333334
7
6.333333333333333
8
6.666666666666667
7
7
7.333333333333333
8
7.666666666666667
7
7.333333333333333
7
6.666666666666667
7.333333333333333
6.666666666666667
8.333333333333334
7.333333333333333
6.333333333333333
6.666666666666667
7
7.666666666666667
6
6.666666666666667
7
7
6.333333333333333
7
6.666666666666667
6.666666666666667
7.333333333333333
6.333333333333333
7
7.666666666666667
7.333333333333333
7
13.333333333333334
11.666666666666666
13
7
7
7.666666666666667
8
7.333333333333333
7.333333333333333
7.666666666666667
6.666666666666667
7
7
7.333333333333333
7
7.333333333333333
7.333333333333333
8.666666666666666
7.666666666666667
6.666666666666667
7.666666666666667
7
7
6.666666666666667
7.333333333333333
7
7.333333333333333
6.666666666666667
7.333333333333333
7
7
7
7.333333333333333
6.666666666666667
7.333333333333333
7.333333333333333
6.666666666666667
7.333333333333333
6.666666666666667
7.333333333333333
7.333333333333333
7
7
7.333333333333333
6.666666666666667
6.666666666666667
7
7
7.333333333333333
6.666666666666667
7
7
6.333333333333333
7
7
7
6.333333333333333
7.333333333333333
7
7
6.666666666666667
7.333333333333333
7.333333333333333
6.666666666666667
6.666666666666667
6.666666666666667
7.333333333333333
7
8
6.666666666666667
7.333333333333333
8
7.333333333333333
8.666666666666666
14
13
8.333333333333334
7
7.333333333333333
7.333333333333333
7
7
6.666666666666667
8
7
7
7.666666666666667
6.666666666666667
7
7.666666666666667
7
7.333333333333333
7.333333333333333
7
7
7.666666666666667
7
7
7
7.666666666666667
7.333333333333333
6.666666666666667
7
7
7.666666666666667
7.333333333333333
6.666666666666667
7.333333333333333
7
7
7
7
7.333333333333333
6.666666666666667
7.333333333333333
7.333333333333333
7
6.666666666666667
7
7.333333333333333
7.666666666666667
7.333333333333333
8
7.333333333333333
7
6.666666666666667
7.666666666666667
7.333333333333333
6.666666666666667
7
7.333333333333333
6.666666666666667
7.333333333333333
6.666666666666667
7.333333333333333
7.333333333333333
6.666666666666667
6.666666666666667
6.666666666666667
7
6.666666666666667
7
7
7.333333333333333
6.666666666666667
7.333333333333333
7
7
7
6.333333333333333
7.666666666666667
7.333333333333333
6.666666666666667
6.666666666666667
7
7.333333333333333
7
7.333333333333333
7.333333333333333
6.666666666666667
8.666666666666666
6.666666666666667
6.666666666666667
7
7
7
7
7
7.333333333333333
6.666666666666667
8
6
7.666666666666667
6.666666666666667
6.666666666666667
8
6.666666666666667
7
6.333333333333333
7.333333333333333
7.333333333333333
7
8.333333333333334
7.666666666666667
7
7
6.666666666666667
7
7.666666666666667
6
7.333333333333333
6.666666666666667
7
6.666666666666667
7.666666666666667
7
7
6.333333333333333
7.333333333333333
7
7
6.666666666666667
7
7
6.666666666666667
7.333333333333333
7
7
8.333333333333334
14.666666666666666
12
14
7.333333333333333
7.666666666666667
6.666666666666667
10
8.666666666666666
8.333333333333334
7
7
7
7
7.666666666666667
7
7
6.666666666666667
7
6.666666666666667
7.333333333333333
6.333333333333333
7.333333333333333
7
7.333333333333333
6.666666666666667
7.333333333333333
7
7
7.333333333333333
7
6.333333333333333
7.333333333333333
7.333333333333333
7
7
7
7
7
7
7
7
7.666666666666667
6.333333333333333
7.666666666666667
6.666666666666667
7.666666666666667
8
7.333333333333333
7
7
7.333333333333333
7.333333333333333
7
8.333333333333334
7.333333333333333
7.666666666666667
6.333333333333333
7
7.333333333333333
7
6.333333333333333
7.333333333333333
7
7
7
7
6.666666666666667
7
7.333333333333333
6.666666666666667
7
6.666666666666667
6.666666666666667
7
7.333333333333333
6.333333333333333
6.333333333333333
7.333333333333333
7
7.333333333333333
7
6.666666666666667
7
6.666666666666667
7
7
7.666666666666667
6.666666666666667
7.333333333333333
7
7
7
7
7
7.333333333333333
6.666666666666667
7
7.333333333333333
7.333333333333333
7.333333333333333
7
7.333333333333333
7.333333333333333
6.666666666666667
7
7.333333333333333
7.666666666666667
7
7.333333333333333
6.666666666666667
7
7.333333333333333
6
7.333333333333333
7.666666666666667
7
7
7.333333333333333
7
6.333333333333333
7
6.666666666666667
7
7
7.333333333333333
6.666666666666667
7
6.666666666666667
7.333333333333333
7.333333333333333
7
7.333333333333333
7.333333333333333
6.333333333333333
7
7
7
7.333333333333333
7
7
7.333333333333333
6.666666666666667
7
7
6.666666666666667
7.666666666666667
6.333333333333333
7.333333333333333
7
7
7.333333333333333
7
7
6.666666666666667
6.333333333333333
12.333333333333334
12
9.666666666666666
7
7
7
6.666666666666667
7.333333333333333
6.666666666666667
7
7.333333333333333
7.333333333333333
6.333333333333333
9.333333333333334
7
7
7
7
7
6.666666666666667
7
7
7
7.333333333333333
6.333333333333333
9.666666666666666
6.666666666666667
8.333333333333334
7.333333333333333
7
7.333333333333333
6.666666666666667
7.333333333333333
7
7.666666666666667
6.666666666666667
6.666666666666667
7
6.666666666666667
7.333333333333333
7
6.666666666666667
7.333333333333333
7
6.333333333333333
6.666666666666667
6.666666666666667
7
6.666666666666667
6.666666666666667
7.666666666666667
6.666666666666667
7
6.666666666666667
6.666666666666667
7
6.333333333333333
37.333333333333336
12.666666666666666
11
9.333333333333334
7.666666666666667
7.333333333333333
12
7.333333333333333
6.666666666666667
7
7.333333333333333
7.333333333333333
7.333333333333333
6.333333333333333
7.333333333333333
7
7.333333333333333
6.666666666666667
7
7
7
7
7
7
6.666666666666667
7
7.333333333333333
7
9
7
6.666666666666667
7.333333333333333
6.666666666666667
7.333333333333333
7
7
7
7
7.333333333333333
7
7
7
7
7
7
7.333333333333333
6.666666666666667
6.666666666666667
7
7
6.666666666666667
7
6.666666666666667
7
6.666666666666667
6.333333333333333
7
6.333333333333333
7
7.333333333333333
6.666666666666667
7
7
7
7.333333333333333
7
7
6.666666666666667
7.333333333333333
6.333333333333333
7
7
7
7
6.333333333333333
7.333333333333333
6.666666666666667
7.333333333333333
6.666666666666667
7.333333333333333
6.666666666666667
6
7
6.333333333333333
7
7.666666666666667
6
7
7
7.333333333333333
6.666666666666667
6
7
7
6.666666666666667
7
7
6.666666666666667
7.333333333333333
6.666666666666667
6.666666666666667
7.333333333333333
7
6.333333333333333
7
7
7.333333333333333
