35.8
35.6
36.2
36.4
41
41.8
34.6
34.2
34.4
37.4
37
35
34.6
33.8
34.4
34.2
33.8
34
34.6
33.6
33.6
34.4
33.4
34.2
33.8
33.8
34.2
66.6
38.8
33.8
34.2
34.4
34.4
33.6
34.4
34
33.8
33.4
34
33.4
34.2
34.8
33.6
34.2
34.2
33.8
34
34
33.8
34.2
34.2
33.8
33.8
34
33.4
34.6
33.8
33.8
34.2
33.4
34.2
34
35
33.6
33.6
33.6
34
34
33.8
34
33.8
34
34
33.2
34.6
33.6
34.2
33.8
34.4
34.8
33.8
34
33.8
34
34.2
33.6
34
34.2
33.6
33.8
34
33.6
34.2
33.6
34.4
34.4
33.6
33.8
33.4
33.6
34.2
33.6
34.2
33.8
34
33.8
34
34
34.2
34.4
34.8
35
34.2
33.8
34.6
33.6
34.2
34
33.8
33.6
34
33.6
34
33.4
33.6
34
33.6
34
33.4
34.2
34.6
34
34.6
33.8
33.8
34.2
33.6
34.2
33.6
34
34
34
34
33.8
34.4
34.2
34
55.2
33.8
33.6
34.2
34.4
33.4
33.8
33.8
33.8
33.8
34
34
34
34
33.8
33.8
33.8
34
33.8
33.6
33.8
33.8
33.6
33.8
34.6
34
34.6
34.2
34
34
33.8
34.2
34.6
34.6
33.4
33.8
33.8
33.8
33.8
34
34
33.8
34
34
33.4
34.2
34.2
38.4
33.6
34.4
33.8
34
34
34.2
33.4
34
33.8
34.2
33.4
33.8
33.8
34
33.8
34.2
33.8
34
34.2
33.8
33.6
34
33.4
33.6
33.4
34.4
33.8
33.4
34
34
34.4
33.8
33.4
34.2
34.2
34
33.4
33.8
34.2
34
34
33.6
58.4
34
33.4
33.8
34.4
33.6
58.4
33.8
34.2
35.4
34.4
34
33.8
33.8
34.2
33.6
34
33.8
33.4
34.2
34.2
34
34
33.6
34
34
33.8
33.8
33.6
33.6
34.2
33.4
34.2
33.6
33.6
33.8
33.8
33.6
34.4
33.4
34
34
33.6
34
33.8
33.8
34
33.8
34
33.4
33.6
33.6
33.8
34.2
34.4
33.8
34
34
34.6
34.2
33.8
33.4
34.2
33.4
34
38.2
41
35.6
33.4
34.2
33.6
33.6
33.8
33.4
34
34
34.8
34.6
33.8
34.4
33.6
34.2
34
33.4
33.6
34.2
32.8
33.8
34
33.6
34.6
34.2
34.6
34.2
34
33.6
33.8
33.4
33.6
34.2
33.6
34.6
33.8
33.4
33.6
33.6
34.2
33.8
33.8
34.2
33.4
34.2
34.4
33.6
33.8
33.6
33.4
34
33.4
34.2
33.8
33.8
34
34
34
33.6
33.8
33.8
39
34
33.8
34.4
33.8
33.8
34.2
33.8
34
34.2
34
34.2
34
33.6
34
33.6
33.8
33.6
34
34
33.8
34.4
33.6
34
34.2
33.8
34
33.6
34
34.2
33.8
34.6
33.8
34
34.2
33.6
34.4
33.8
34
33.8
34
33.6
33.8
34.2
33.8
34
33.4
34.2
34
33.8
34.2
33.6
33.6
34.2
33.8
34
33.6
33.8
38.6
35.2
34.2
34.2
33.6
34.2
34
33.8
33.8
34.2
35.8
34.2
34.2
34
34
34.2
33.6
33.8
33.8
33.6
34
34
54.2
33.4
34.6
34
34.2
34
33.8
33.6
33.8
34.4
34.2
33.6
34.6
34
33.8
34.4
33.4
34.4
34
34.4
33.6
33.8
34.4
33.2
34.4
33.8
34.4
33.4
34.4
33.8
34
34
33.8
34.4
34.2
33.4
34
33.8
37.6
35.8
33.6
34.4
33.8
34.2
33.2
33.6
34.6
33.8
33.8
34
33.8
33.4
33.8
33.8
34
33.6
34.2
33.6
34.2
35
34.6
34.6
34
34
33.6
33.6
33.8
33.8
34
33.6
34.4
33.6
34.2
34.4
34
58
33.6
34.2
34.4
33.4
34.4
33.2
33.8
33.6
33.8
33.8
34.2
33.8
34
33.6
34
33.8
33.8
35
34
33.6
34.4
34
33.8
34.4
33.2
34
33.6
33.6
34.2
33.6
33.8
34.2
35.6
33.4
34.2
34.2
33.4
33.8
33.6
33.8
34
33.6
33.6
33.6
33.6
34.4
34.2
33.6
34.2
34.2
33.8
55.6
33.6
34.4
34.8
34
33.6
34.2
33.6
33.6
33.4
34.2
33.4
34
34.4
33.6
33.6
34.4
44.2
41.2
33.8
34.2
34
55.4
33.6
33.6
33.8
33.8
33.6
33
34.2
34.4
34
35.4
33.6
33.8
33.8
34
34.2
33.4
34
33.8
33.8
34
33.8
33.6
34
34
34.4
34.2
33.2
34.4
34.2
34
34.2
34
33.8
33.4
33.6
34.2
33.8
33.6
34.2
33.8
34
34.6
33.8
33.6
34
33.8
34.2
33.6
34.2
33.8
55.6
34.2
33.8
33.4
34.2
34.2
33.4
34
33.8
36.4
34.6
33.6
33.2
33.6
33.8
33.8
33.8
34.2
33.8
34
33.6
33.8
33.6
34
34.4
35.4
33.6
34.2
34.4
34.2
34
33.4
34
33.6
33.6
34
34
33.6
34
34.2
33.8
33.8
33.8
33.8
33.8
33.8
33.8
34
34.4
46.2
34.6
33.2
34.4
34.6
33.6
33.8
34.2
33.4
34.6
33.6
34
33.8
33.6
34.2
33.8
34
34
33.8
33.4
34
34
33.6
34.2
33.8
34.2
33.8
33.6
33.8
33.6
35.6
33.8
34.2
34.2
33
34.6
33.2
33.6
34
34.2
34
33.6
34.2
33.4
34
34.2
33.8
33.8
33.4
34
34
33.8
34.4
33.8
34
34
33.4
34.4
33.6
34.2
34
33.4
33.8
34
34.4
34.4
34.4
33.6
34
33.2
34
33.4
34.2
33.8
33.8
34
34
33.6
34
34.6
34.6
34
34.2
34
33.6
34.8
34
33.8
33.6
34.2
33.8
34
33.6
34
33.6
33.8
36.6
34
33.8
34
34.6
34
33.8
33.8
34.2
34
33.6
34.2
33.6
34.2
33.8
34
34.2
33.4
34.4
33.4
34
33.8
33.6
34
33.8
34.2
33.4
33.8
33.2
34
33.8
34.2
33.4
34
34.2
33.6
34
33.4
34.2
33.8
33.2
34.4
33.6
34.4
33.8
33.6
33.8
33.6
33.6
33.4
33.8
34
33.6
34.6
34.6
34.2
34
34
33.6
34
33.8
34
34
34
33.6
34.2
55.4
33.8
34
33.8
33.6
33.6
34.4
34
33.2
34.2
33.6
33.6
34.6
33.4
34
34.2
33.6
34.2
33.4
34.4
33.6
34
33.8
34
33.4
34
34.2
33.8
33.6
33.6
33.8
34
33.4
34.2
33.8
34.2
34
34.8
33.8
33.6
34
34
34
33.4
34.4
34
33.4
34
34
33.6
34.8
34.2
33.8
34.2
35.8
34.2
33.8
34.6
33.8
33.6
34
34.6
33.2
33.4
34.2
34.4
34
34.2
34
33.4
34.2
34
33.8
33.4
56.6
34
34.2
33.2
34.2
34.6
34.4
33.8
35.2
34.2
34.2
34.2
34.4
34.2
33.8
33.8
33.8
33.4
34.2
33.6
34
33.8
34
33.8
33.6
34
33.6
33.6
33.6
38.4
34
33.8
34
33.8
33.4
33.6
33.8
34
33.8
33.8
33.8
34.2
34.2
34
33.6
34.6
33.8
34.2
34.2
33.4
33.6
34
33.4
34
33.6
33.6
34
33.6
33.8
33.8
34.2
33.4
34.2
34
34.4
33.2
33.6
34
33.8
34
