8.8
15.4
13.8
13.6
13.2
8.8
8
8.6
8.6
8.4
8.6
8.6
8.4
8.4
8.4
8
8.6
8.4
8
10
8.4
8.2
8.4
8.2
8.2
8.8
8
8.4
8.2
8.2
8
8.2
9
8.2
8.8
8.2
8.2
8.2
8
9.2
8.4
25.2
12.4
12.8
12.4
27.8
13
11.8
11
8.2
8.6
8.2
8.2
8
8.4
8.2
8
8.8
8
8.2
8.2
8.6
8
8.2
8.2
8.2
8.2
7.8
8
8.2
8.4
8.4
8.4
8.2
7.8
7.8
9
8.2
8
8.6
8.2
8.4
8
8.4
8.2
8
8.2
8.2
8
8.4
8
8
8.4
8.2
8.4
8.2
7.8
8.2
8.6
8
8.6
8
8.2
8.8
8.2
9.8
8.4
8.6
8.8
8.6
8.4
8.2
8.4
8.2
8.4
49.4
16
12.6
9.6
8.8
8.8
8.8
8.4
8.4
8.6
8.6
8.6
10.6
8.4
8.6
8.8
8.2
8.4
8.4
9.8
8.2
9
8.4
8.2
8.4
8.2
8.6
9
8.6
8.6
9
8.2
8.8
8
12.8
11
10.4
8.6
8
8.2
8.6
8
8.2
8.4
8.4
8.4
7.8
8.4
8.4
8.4
8
9
8.4
7.8
7.8
8.6
8.6
7.8
7.6
8.6
8.2
8.2
8.2
8.6
8.6
8.4
8.2
12.8
30.2
13.4
12.4
12.2
13.2
12.8
11.4
10.6
9.6
10
9.2
9.8
9.4
9.4
8.4
8.4
8.6
8.6
8.2
8.6
8
8.8
8.8
8.6
8.6
9.4
8.2
8.8
8.2
8.6
8
9
8.4
8.6
8.4
8.2
8.2
8.6
8.6
8.4
8.8
8.2
8.4
8.6
9
8.4
8.6
8.2
8.2
8.6
8.2
8
8.4
8.2
8.2
8.4
8
8.8
8.2
8
8.6
8.4
7.8
8.2
8.4
8
8.4
8.4
8.2
8
8
8
8.6
8.4
8
8.2
9.2
8.2
8.6
8
8
8.2
8.2
8.4
8.2
8.4
8.2
8.4
8.2
8.8
8
9
8
12.6
13.2
17.8
12.8
8
8.4
8.6
8
8
8.6
8.6
7.8
8.2
8.2
8.4
8
8.2
8.6
8
8
8
8.2
9
8.4
7.8
8.4
8.6
7.8
8
8.8
9.2
8
8.2
8.8
7.8
8.2
8.2
8
8.6
7.8
8
7.8
9
8
7.6
8.2
8.2
8
8.6
8.2
8
8.6
8.2
8.4
8
8.2
8.6
8
8.2
8.4
8.2
8.8
8
8
8.2
8.6
8.4
7.6
8.6
9.8
8.2
8.2
8
8
8.2
8
8.4
8.4
8.4
8
8.6
8.6
7.6
8.2
8.4
8
8.2
8.2
8.4
8
8.4
8.2
8.2
8.4
8
7.8
8.2
8.2
8
8.2
8
8.6
7.6
8.4
8.8
8.2
8.2
7.4
8.2
8
8.2
8.8
8.2
8
8.2
8.4
8
8.4
8.2
8
8.4
7.8
9.2
8.8
8.2
8.4
7.6
8.6
8.4
8.4
7.8
8.2
8.2
8
8.4
8
8
8.4
8
8.2
8.6
8.2
7.6
8
8.4
8
8.2
8.2
8.2
8.4
8
8.6
8.2
8.2
8
8.2
8.2
7.8
7.8
8.6
8
7.8
8.4
8.6
8
8.2
8
8.4
8.4
8
8.2
8.2
7.8
8.4
9.6
8.2
26.8
11.6
8.6
8
9
9.2
8.4
8
8
8.2
8.2
8.2
8
8.2
8.6
7.8
8
8.4
8.4
8.2
8.2
8.2
8.6
8.8
8.2
8.4
8.4
8.4
8
8.2
8
8.4
8.2
8.2
8.2
8.2
7.8
8
8.6
8
8
8
8.6
8.6
8.2
8
7.8
8
8.2
8.2
8.2
7.8
8
8
8.4
8.2
8.4
8
8.2
8.2
8.2
8.6
8
8.2
8.2
8
7.8
8.4
8
8
7.8
8.2
8
8.2
8.6
8.4
8
8
8
8.4
8
8.2
8.2
8
27
13.4
10.4
8.8
8
8
8
8
8.2
11.2
8.6
8.4
28.4
10.6
8.6
8.2
10.8
8.2
8.4
8.2
8.4
8.2
8.4
8.2
8.4
8.2
7.8
8.6
8.2
8.2
7.8
8.2
8.4
7.8
7.8
8
8.8
8.2
7.6
8.2
8.4
8.2
7.8
8.2
8.2
8
8
8.4
8.2
8.4
7.6
8.8
8
9.8
7.8
8.2
8.2
8.4
8
8.4
8.2
8.2
8.2
8
8.4
8.2
8.6
7.8
8.4
8.4
8
7.8
8.8
8.2
7.6
7.8
8.2
8.2
8.4
8
8.6
7.8
13.6
10.2
9.6
8.2
8
9.2
8.2
8.2
8.4
8
8.4
8.2
7.8
8.6
8
8
7.8
8.2
8.4
8.2
7.8
9.4
8.4
8
8.4
8.4
7.8
8
8.4
8
7.8
8.4
8.8
8.6
8
8.2
8.4
7.8
8.2
8
8.8
8
8.4
8
8.6
9.6
7.8
13.2
9.4
11.4
8.6
8.8
8.2
8
8.4
8.6
8.6
8.4
8
8.4
8.2
7.6
8.8
8
8.4
8.8
7.8
8.4
8.4
8.2
8
8.2
8.4
7.8
8
8
8.2
8.2
8.2
8.6
8.2
8.4
8.2
8
8.4
8.4
8.4
8.4
8
8
8.4
8.2
8.6
8.2
8.4
8.2
8.4
8
8.4
8
8.6
8.2
8.8
8
8.4
8.4
9
8.2
9
8
8
8.4
8
8
8.2
8.6
8
7.6
8.6
8.2
7.8
8.4
8.6
8
8.2
8.6
8
8.2
8.2
8.4
8.2
7.8
8.2
8.4
8.4
8
8.4
8.4
8.8
8
13
9.4
9
13.4
8.8
8.4
8.6
8
9
8.4
8.6
7.8
8.2
8.2
8.6
8.2
8.2
9.2
26.8
12.2
11.6
10.8
10.4
11.8
9.8
8.8
8.8
8.2
8.2
8.4
8
8.8
8.4
8
8
8.4
8.2
8.6
7.6
8
8.8
8.2
8.2
8.2
8.4
8
8.2
8
8.4
8.2
8.6
8
28.2
10.8
11.8
8
8.2
8.4
8
9.4
7.8
8.4
8.2
8.2
8
8.4
8.2
8.2
8
8.6
8
9
8.4
7.8
8.2
8.4
8.2
8
8
8.4
8.2
8
7.8
8
8.4
8.2
7.8
8
8.4
7.8
8.4
8.4
8.6
8.2
7.6
8.4
8.8
8
8.6
8
8.4
8.2
8.2
8
8
8
8
8.2
8.6
8
8
8.6
8
8
8.4
8.2
7.8
8
8.2
8.4
8.2
8.2
8.4
8.4
8.4
8.4
8
8.4
8
8.4
8.2
8.4
8.2
7.6
8.2
8.2
7.8
8.4
8.4
8
7.8
8
8
8.2
7.8
8.4
8.2
9.2
8
8.6
8.2
8.4
7.8
8.2
8.6
8.4
8
8.4
8
8.6
8.6
7.8
8.2
8.4
8
8.2
8.2
8.2
8.6
8.2
8
8.2
8
7.8
8.4
8.4
8.2
7.6
28.2
12.6
12.4
12
12.4
11.8
11.2
11.4
11
10.6
10.8
10.4
10.8
10.4
10.6
10.6
8.8
8
8
8.2
8.6
7.6
8
8.4
8.2
7.8
9
8.8
9.6
9.2
8.4
8.4
7.8
8.4
7.8
8.4
7.6
9.2
8.6
8
8
8
8.4
8.2
8
8.6
7.4
8.6
8.4
8.2
8.2
8.6
8
8
8
8.4
8
8
8.8
8.2
8.6
8.4
8.2
8
