6.666666666666667
7.333333333333333
5.333333333333333
46
10.333333333333334
9
7
6.666666666666667
5.333333333333333
6.333333333333333
6.333333333333333
6.333333333333333
5.333333333333333
5.666666666666667
5.666666666666667
18
6.333333333333333
6.666666666666667
6.333333333333333
6.666666666666667
6.666666666666667
7.333333333333333
6
6.666666666666667
7.333333333333333
6.333333333333333
6.666666666666667
9.666666666666666
7.666666666666667
6.666666666666667
6.666666666666667
7
7
6.333333333333333
7.666666666666667
6.666666666666667
6
6.666666666666667
6.666666666666667
6.666666666666667
6.333333333333333
7
6
6.666666666666667
6.666666666666667
6
6.333333333333333
6
6
5.666666666666667
5.333333333333333
6
5.333333333333333
6
5.333333333333333
5.666666666666667
6
5.333333333333333
5.666666666666667
6
5.333333333333333
6
6
6
6
6.333333333333333
6
10.666666666666666
5.666666666666667
6.333333333333333
5.666666666666667
6
5.666666666666667
5.666666666666667
6.333333333333333
5
6.333333333333333
5
6
5.333333333333333
6
5.666666666666667
6.333333333333333
6
6
5.666666666666667
5.333333333333333
5.666666666666667
6
5.666666666666667
5
5.666666666666667
6
5.666666666666667
6.333333333333333
5.666666666666667
5.333333333333333
6.666666666666667
6
6
5.666666666666667
5
6.333333333333333
5.333333333333333
5.333333333333333
6.333333333333333
6
6
5.333333333333333
6
5.333333333333333
5.666666666666667
6
6
5.333333333333333
6
6.333333333333333
5.333333333333333
5.666666666666667
6.666666666666667
5.333333333333333
6
5.666666666666667
6.666666666666667
5.333333333333333
5.333333333333333
6.333333333333333
5.333333333333333
5.666666666666667
7.333333333333333
6
6.333333333333333
5.666666666666667
5.666666666666667
6
5.333333333333333
5.333333333333333
6
6
5.666666666666667
5.333333333333333
6.333333333333333
5.333333333333333
5.666666666666667
5.666666666666667
6.333333333333333
5.666666666666667
7.333333333333333
5.333333333333333
6
6
5.333333333333333
5.666666666666667
6
4.666666666666667
6
6.333333333333333
5.333333333333333
5
6.333333333333333
5
5.333333333333333
5.666666666666667
5.333333333333333
6.333333333333333
6
6.333333333333333
5.333333333333333
6
6
5.333333333333333
6
5.333333333333333
32
10
9.333333333333334
9.333333333333334
8.666666666666666
11.666666666666666
9.333333333333334
9.666666666666666
9.666666666666666
8.666666666666666
10
9
10
9.333333333333334
8
7
5.666666666666667
6.333333333333333
5
5.666666666666667
36.666666666666664
10
5.333333333333333
4.666666666666667
5.666666666666667
5.333333333333333
5
5.333333333333333
5.333333333333333
6
5.333333333333333
5.333333333333333
5.333333333333333
5
5.333333333333333
5.666666666666667
5.666666666666667
5
5.333333333333333
5.333333333333333
5.333333333333333
5.666666666666667
5
5.333333333333333
5
6
5
5.666666666666667
5
5.666666666666667
5
5.333333333333333
5.666666666666667
4.666666666666667
5.333333333333333
5
6
5.333333333333333
5.333333333333333
5.333333333333333
5.333333333333333
5.333333333333333
5
5.666666666666667
5.666666666666667
6
5
5.666666666666667
5.666666666666667
5.333333333333333
5
5.666666666666667
5.666666666666667
5.333333333333333
5
5.333333333333333
5
5.666666666666667
5.666666666666667
5.333333333333333
5
5.333333333333333
5.333333333333333
5
5
5.333333333333333
5.666666666666667
5.333333333333333
5.666666666666667
5.333333333333333
5.333333333333333
5
5.333333333333333
6
5.333333333333333
5.333333333333333
5.333333333333333
6
5
5.333333333333333
5.333333333333333
4.666666666666667
6.666666666666667
5
4.666666666666667
6
4.666666666666667
5.333333333333333
5.333333333333333
5.666666666666667
5.333333333333333
5.333333333333333
5.333333333333333
5.333333333333333
5.333333333333333
6
5.666666666666667
5.666666666666667
7.666666666666667
7.333333333333333
7
5.333333333333333
5.333333333333333
5.333333333333333
5
5.333333333333333
5.333333333333333
5
6.333333333333333
6.333333333333333
5
6.333333333333333
5
5
5.666666666666667
5
5.666666666666667
5
6
5
60
10
9.666666666666666
9.333333333333334
9.333333333333334
9.333333333333334
10.333333333333334
10
11
8.333333333333334
8
8
8
7
7
6.333333333333333
6.333333333333333
7
7
6.666666666666667
6.666666666666667
6.666666666666667
6.333333333333333
31.666666666666668
10.666666666666666
11
11.333333333333334
10.666666666666666
10.333333333333334
11
10.333333333333334
11
11
10
7.666666666666667
7
6.666666666666667
6.333333333333333
6.666666666666667
6.666666666666667
6.333333333333333
6.666666666666667
6.666666666666667
6.333333333333333
6
7.666666666666667
6.333333333333333
6.666666666666667
7.333333333333333
7
6
19
8
22.666666666666668
14
7.666666666666667
6.666666666666667
7
6
8.333333333333334
35.333333333333336
9
10
9.333333333333334
9.666666666666666
9.333333333333334
9
9
9.666666666666666
9
9.333333333333334
9.333333333333334
9.666666666666666
9.333333333333334
9
6.666666666666667
5.666666666666667
6.333333333333333
6.333333333333333
5.333333333333333
5.333333333333333
5.666666666666667
5.333333333333333
5.333333333333333
5
5.666666666666667
5.333333333333333
5.333333333333333
5
5.333333333333333
7.333333333333333
5.666666666666667
5.333333333333333
5.666666666666667
5
5.666666666666667
31.666666666666668
9.666666666666666
9
9.333333333333334
9.333333333333334
8.333333333333334
9.333333333333334
10.666666666666666
16
9.666666666666666
9.333333333333334
9.333333333333334
8
6.666666666666667
6.333333333333333
5.666666666666667
6
5.333333333333333
6.666666666666667
5
5.333333333333333
5.333333333333333
10
9.666666666666666
9.333333333333334
9.333333333333334
9
10
10.666666666666666
9
9.333333333333334
9.333333333333334
9.333333333333334
9.333333333333334
9.666666666666666
9.666666666666666
9.666666666666666
9.333333333333334
9.666666666666666
10
9.666666666666666
9.333333333333334
7
6
5.333333333333333
6
5
5.666666666666667
5
6
5.333333333333333
5.666666666666667
5.333333333333333
5.666666666666667
5.333333333333333
5
5.333333333333333
5
6
5
5.333333333333333
5.666666666666667
5.333333333333333
5.666666666666667
4.666666666666667
5.333333333333333
5.666666666666667
6
5.333333333333333
6
5.333333333333333
5
6
5.333333333333333
5.333333333333333
5.666666666666667
5
5.666666666666667
5
5.666666666666667
5
5.666666666666667
5.333333333333333
5.666666666666667
5.666666666666667
5.333333333333333
5.666666666666667
5.666666666666667
5.333333333333333
6
5
5
5.666666666666667
5.333333333333333
5
5.333333333333333
5
6
5.333333333333333
5
5.666666666666667
5.333333333333333
5
5
5.666666666666667
5
5.333333333333333
5.666666666666667
5
5.666666666666667
4.666666666666667
6
6.333333333333333
5
5.666666666666667
5
5.333333333333333
5.666666666666667
6
35.666666666666664
9.333333333333334
9.333333333333334
9.333333333333334
10
9.333333333333334
9.333333333333334
9
10.666666666666666
9.333333333333334
6.666666666666667
7
5.666666666666667
6
6.333333333333333
6
5.666666666666667
6
6.333333333333333
6
6
33.333333333333336
9.666666666666666
12.333333333333334
11
8
8.333333333333334
9.333333333333334
8
8.333333333333334
8.333333333333334
9.333333333333334
8.333333333333334
8
8
8
8
9
5.666666666666667
6
6
5.333333333333333
6.333333333333333
6
6
6
5.666666666666667
5.666666666666667
7
6
5.666666666666667
6
5.666666666666667
5.333333333333333
6
6.333333333333333
5.666666666666667
6.333333333333333
6.333333333333333
6.333333333333333
6
6
5.666666666666667
6
6
8.333333333333334
6
5.666666666666667
6.333333333333333
7.333333333333333
6.333333333333333
5.666666666666667
6.333333333333333
5.333333333333333
6
6.333333333333333
6
6
6.666666666666667
5.666666666666667
5.666666666666667
5.666666666666667
6.666666666666667
5.333333333333333
6
6
6
6.333333333333333
5
6.333333333333333
5.333333333333333
5.666666666666667
6
6
5.666666666666667
5.666666666666667
5.666666666666667
6
6.333333333333333
5.333333333333333
6
5.666666666666667
5.333333333333333
6
5.333333333333333
6
5.666666666666667
6
5.666666666666667
5.666666666666667
6
5.333333333333333
5.666666666666667
5.666666666666667
5.333333333333333
6.333333333333333
5
6
5.333333333333333
5
5.666666666666667
5.333333333333333
5
5.333333333333333
4.666666666666667
6
5
4.666666666666667
5.666666666666667
4.666666666666667
6
5
5.333333333333333
5
6
5
5.666666666666667
5
4.666666666666667
5
5
5
5.666666666666667
5
5.333333333333333
5.333333333333333
5.333333333333333
5
5.333333333333333
5
5
5
5.333333333333333
5
5.333333333333333
4.666666666666667
5.666666666666667
5.333333333333333
4.666666666666667
6.666666666666667
5.333333333333333
5.333333333333333
4.666666666666667
5.333333333333333
4.666666666666667
6
4.666666666666667
5.333333333333333
5
5
5.333333333333333
5
5.333333333333333
4.333333333333333
5.666666666666667
6.666666666666667
5
78.33333333333333
9.666666666666666
9.333333333333334
96.33333333333333
11
10.333333333333334
10
8.666666666666666
7
7
6.666666666666667
7
6.333333333333333
6.666666666666667
40.666666666666664
17.666666666666668
10.666666666666666
9.666666666666666
8.333333333333334
9.333333333333334
9.666666666666666
9
9.666666666666666
9.333333333333334
9
9
10
9
9
9.333333333333334
9.333333333333334
9
7
7
6
6
6.666666666666667
5.666666666666667
6
7.333333333333333
5.666666666666667
6.333333333333333
6.333333333333333
6
6.333333333333333
6
5.666666666666667
6.333333333333333
6
6
6
6.333333333333333
5.333333333333333
6.333333333333333
6
5.333333333333333
6.666666666666667
6
7
5.666666666666667
6.333333333333333
6.666666666666667
5.666666666666667
90.66666666666667
8
6
5.666666666666667
6.666666666666667
6
6
6.333333333333333
6.333333333333333
6.333333333333333
6
6
6.333333333333333
6
6.333333333333333
6.333333333333333
6.333333333333333
6.333333333333333
5.666666666666667
6.666666666666667
6.666666666666667
6
6.333333333333333
8
35.666666666666664
10.333333333333334
9.333333333333334
10.666666666666666
7
7
6
6.333333333333333
6
6.333333333333333
6
6.333333333333333
6
6.333333333333333
5.666666666666667
7
6.333333333333333
5.333333333333333
6.333333333333333
7
6.333333333333333
5
5
5.666666666666667
5
5.666666666666667
5
5
5.666666666666667
4.666666666666667
5.333333333333333
5.333333333333333
5.333333333333333
5.666666666666667
17
6.666666666666667
5
5.666666666666667
6.333333333333333
5
5.333333333333333
5.666666666666667
5.333333333333333
5
5.666666666666667
5.666666666666667
5
5.333333333333333
5.666666666666667
4.666666666666667
5
5.333333333333333
5.666666666666667
5
5.666666666666667
5.333333333333333
5.333333333333333
5.333333333333333
5
5.333333333333333
5.333333333333333
5.333333333333333
5
6
6
5
5.666666666666667
5
5.666666666666667
5
5.666666666666667
4.666666666666667
5.666666666666667
5
5
5.333333333333333
5
5
5.666666666666667
5
5.333333333333333
5.666666666666667
5.333333333333333
5.333333333333333
5.333333333333333
5
5
5.666666666666667
5
5.333333333333333
5
5.333333333333333
5.666666666666667
5.333333333333333
5.666666666666667
4.666666666666667
5.333333333333333
5.666666666666667
5
5.666666666666667
5
6.333333333333333
4.666666666666667
5.666666666666667
5.333333333333333
5.333333333333333
5.666666666666667
4.333333333333333
5.333333333333333
6
5
5
6
5
5
5.333333333333333
5.666666666666667
5.333333333333333
6.666666666666667
5
5.666666666666667
16.666666666666668
7
13.333333333333334
8
5.333333333333333
5.333333333333333
5
5.333333333333333
6
5.333333333333333
5.333333333333333
5.333333333333333
33
12.666666666666666
7.666666666666667
6.333333333333333
5.333333333333333
5.333333333333333
5.333333333333333
5.666666666666667
6
5.666666666666667
6
5.666666666666667
5.333333333333333
6
5.333333333333333
6.333333333333333
6
5.333333333333333
7
6.333333333333333
6.333333333333333
5.666666666666667
5.333333333333333
6
6
6.333333333333333
5.666666666666667
6
6
5.333333333333333
6.333333333333333
5.666666666666667
7.333333333333333
6
5.666666666666667
6.333333333333333
5.333333333333333
6
5.666666666666667
6.333333333333333
5.333333333333333
5.666666666666667
6
6.666666666666667
5.666666666666667
6
5.666666666666667
6.666666666666667
5.666666666666667
6
5
7.666666666666667
5.666666666666667
5.666666666666667
6.333333333333333
6.666666666666667
6
5.333333333333333
6
7
6
5.666666666666667
6
5.333333333333333
5.666666666666667
5.666666666666667
5.666666666666667
6
5.666666666666667
6
5.333333333333333
6
5.666666666666667
5.666666666666667
6
