9.333333333333334
27.666666666666668
11.666666666666666
14
12.333333333333334
11.333333333333334
10.333333333333334
10
10.333333333333334
7.333333333333333
6
5.666666666666667
6
5.666666666666667
7
6
6.333333333333333
5.666666666666667
6.666666666666667
6.333333333333333
6
5.666666666666667
6
6
6.333333333333333
6
5.333333333333333
5.666666666666667
6
6
5.666666666666667
5.666666666666667
6
5.666666666666667
5.666666666666667
5.333333333333333
5.333333333333333
6
5.333333333333333
5.666666666666667
5.333333333333333
5
5.666666666666667
6
5.666666666666667
5.666666666666667
5.666666666666667
5.333333333333333
5.333333333333333
5
6
5.333333333333333
5.666666666666667
5.666666666666667
6.666666666666667
5.333333333333333
6
5.666666666666667
5.666666666666667
5.333333333333333
6.333333333333333
5
6.666666666666667
5.666666666666667
5.666666666666667
7.333333333333333
6
6.333333333333333
6
5.666666666666667
5.666666666666667
6
5.666666666666667
5.666666666666667
6
5.666666666666667
5.666666666666667
5.666666666666667
6.333333333333333
5
6.666666666666667
7
6
5
6.333333333333333
6.333333333333333
6
5.666666666666667
6.333333333333333
6.333333333333333
5.333333333333333
6
6
6
5.333333333333333
6
5.666666666666667
6.333333333333333
6
5.333333333333333
