28.8
20.8
22.6
14.6
11
11.2
10.8
10.4
11.2
11
11.2
10.6
10.8
11.2
11.2
11.8
10
10
9.8
9.8
9.4
9.8
9.6
9.8
9.6
9.8
9.6
9.6
9
9.8
9.6
9.2
10
10
9
9.6
9.4
10
9.6
9.4
10
9.2
10
9
10.6
10.2
9.4
9.6
9.6
9.6
9.8
9.6
9.2
10
9.6
9.2
9.6
9.2
9.6
9.4
9.8
9.8
9.6
9.4
9.4
10
10
9.8
60.2
14.2
13
12.4
12
12.4
10
9.6
9.8
9.4
10
9.4
10
9.4
9.6
9.4
9.8
9.8
9.4
9.4
18.8
9.2
9.4
9.6
9.8
9.4
9.4
10
10.2
9.6
10.6
9.8
10
9.6
10.2
9.6
9.6
9.8
9.6
9.2
9.8
9.6
9.4
10.4
9.2
10
9
10
9
9.8
9.4
9.8
9.6
9.8
9.2
9.4
10
10
9.6
9.6
9.4
9.8
9.2
9.4
9.6
9.4
10
9.4
10
9.2
9.4
9.8
9.6
9
9.6
9.8
9.4
9.8
9.2
9.6
9.4
9.8
9.4
9.4
10
9.2
9.6
9.8
11
9.6
9.4
9.6
9.4
9.4
9.6
9.2
9.8
9.2
9.6
9.6
9.6
9.6
9.4
9.6
9.4
9.8
9.2
9.6
9.6
9.4
10
9.6
9.2
10
9.6
9.6
10
9.4
9.8
10
10.2
9.2
9.6
10
9.2
9.4
9.8
9.4
9.4
9.2
9.8
9.6
8.8
9.8
10.2
9.8
9.6
9.4
9.8
9.4
10.2
9.6
9.8
9.8
9.2
10.6
10
9.6
9.4
9.8
9.6
10.4
9.6
9.8
9.4
9.4
10
9.4
9.6
9.2
9.4
9
10.2
9.4
9.6
9.2
10
9.4
9.2
9.8
9.6
9.4
9.4
9.2
9.8
9
12.4
10
9.4
9.2
9.8
9.2
9.8
9.4
9.6
9.4
9.4
9.8
9.4
9.2
9.6
9.2
9.4
9.8
9.2
9.6
9
9.6
9.6
9.4
9.4
10
9
9.8
9.8
9.2
9.4
10
9.8
9.4
9.4
9.6
8.8
9.6
10
9.6
9.4
9.8
10
9.4
9.2
9.8
9.6
9.6
9
9.6
9.2
9.6
9.6
9.6
9.2
9.6
9.4
8.8
9.8
9.2
9.4
9.4
10.8
9.4
9.6
9.8
9.6
9.6
9.6
9.2
9.6
9.4
9.6
9.4
9.6
9.4
10
9.6
9.8
9.6
9.4
10
9.8
25.4
18.4
10.8
9.6
9.6
9.8
9.6
9.6
9.6
9.8
9
10
9.6
9.8
9.6
9.4
9.4
9.8
10.6
9.4
9.6
9.4
9.2
10.2
10
9.4
9.6
9.2
9.8
9.4
10
9.2
10
9.2
9.4
9.4
9.8
10.4
9.2
9.8
9.6
9.6
9.6
9.6
9.8
9.4
9.2
9
11.2
9.4
9.4
10
9.6
9.6
9.4
9.8
9.8
10
10.4
9.2
9.2
9.8
9.2
9.8
9.8
10
10
9.4
9.8
9.4
9.8
9.8
9.6
9.8
9.4
9.6
9.2
9.8
9.2
10
9
10
10.2
10.8
27.4
11
15.2
16
10.2
10
9.4
9.4
9.8
9.8
9.4
9.8
9.6
9.8
9.6
9.6
9.4
9.6
9.4
10.6
9.2
10
9.4
9.8
9.6
9.8
9.2
9.8
9.8
9.2
9.8
9.4
10
9.2
9.6
10.4
9.2
10
9.4
9.2
10.2
9.4
10.4
19.4
9.6
9.8
9.4
9.6
9.4
9.2
9.6
9.6
9.2
9.6
9.6
9.6
9.6
9.4
9.6
9.6
9.6
9.8
9.4
9.6
10.2
9.8
9.6
9.4
9.8
9.4
9.6
9.8
9.6
9.6
10.2
9.6
9.6
9.8
9.4
10.2
9.6
10
9.4
34.4
14
10.6
9.8
9.6
10.2
