17.333333333333332
38.333333333333336
17.333333333333332
16.333333333333332
15.333333333333334
15.333333333333334
15.666666666666666
15.666666666666666
14.666666666666666
15.333333333333334
16.333333333333332
15
15
14.666666666666666
15.333333333333334
14.333333333333334
15
14.666666666666666
15
14.333333333333334
15.333333333333334
14.666666666666666
14.666666666666666
14.666666666666666
15
15.333333333333334
14
15.333333333333334
14.666666666666666
14.666666666666666
15
16
16
14.333333333333334
15.333333333333334
16
15
15
16
16.666666666666668
15.333333333333334
14.666666666666666
15.333333333333334
15.333333333333334
14.333333333333334
14.666666666666666
14.333333333333334
14.666666666666666
13.666666666666666
15
14.666666666666666
15
14.666666666666666
14.666666666666666
14.666666666666666
14.333333333333334
14
15
14
14.666666666666666
14
14
15
15
14.666666666666666
14.333333333333334
98.66666666666667
16.333333333333332
16
16
15.666666666666666
16.666666666666668
16.666666666666668
16.666666666666668
16.666666666666668
16
16.666666666666668
16.666666666666668
15.333333333333334
15
14.333333333333334
15
14.666666666666666
14.333333333333334
14.666666666666666
14.666666666666666
15.666666666666666
14.333333333333334
14.333333333333334
14.666666666666666
14.333333333333334
14.666666666666666
14
14
14.666666666666666
14
14.666666666666666
14.333333333333334
14
14.666666666666666
