75
74.6
76
73.8
74
74.4
74.2
74.2
73.4
74
73.6
74.2
73.8
74
73.4
73.8
73.4
74.4
74.2
73.8
74
73.6
74
73.4
74
73.6
73.6
73.8
75
74.4
73.4
74.4
73.6
73.2
74.4
73.6
73.8
74
73.6
73.6
74.4
76.6
73.8
74.2
73.4
82.4
78
75.2
75.4
73.8
74
73.6
74
73.4
74
74
73.8
73.8
73.4
74
74.8
74.4
73.8
74.2
96.2
73.4
73.6
74
73.8
73.6
74.2
74.6
74.8
74.4
74.2
73.2
74.2
73.6
74
74
73.8
73.2
74
74.8
73.6
74.2
73.2
74
73.8
73.4
73.2
74.2
73.6
73.4
74
74
74
75.6
74.6
74.6
73.8
73.8
73.8
75.4
73.6
73.8
73.8
73.2
73.8
74
74.4
73.4
73.8
73.6
74.2
74.4
73.8
74
73.8
73.8
73.4
74.2
74
73.8
73.8
74.2
74
74.4
73.4
73.8
73.8
73.2
74
73.8
73.8
74.4
73.6
73.8
74.2
74
75.6
74.2
73.6
73.4
73.8
73.6
73.8
73.4
73.6
73.2
74.4
74.4
74.2
74
74
73.2
77.4
74.8
74
73.6
74.6
73.2
73.8
74
73.4
74
73.4
74
73.8
74.6
74.2
74.4
74.2
73.6
74
73.4
74
73.6
74.4
80.2
74.2
75.8
75.4
101.2
74.8
74
73.4
74.8
73.4
73.6
74
73.6
74.2
99
74.4
73.8
74.4
74
73.8
73
73.8
73.6
74.4
73.2
73.8
74.2
74
74.6
73.6
74
73
75.4
74.6
74.4
73
74
73.8
73.6
73.6
73.6
73.8
73.8
74.2
74.8
74.2
75
73.6
73.8
74
73.6
73.8
73.2
73.8
73.6
73.8
74.4
74.2
73.8
74.2
73.6
73.4
74
73.4
73.6
74.2
74
73.6
73.6
73.8
100
73.4
74.2
73.8
74
73.4
74
73.8
73.6
74.6
73.4
73.2
74.2
74.4
73.8
73.4
75.8
73.2
74.2
73.4
73.4
74.2
73.2
74
73.4
74.2
73.6
73.8
73.8
73.8
74.8
73.8
73.8
73.6
74
73.4
74.2
73.6
73.4
73.6
73.8
75.4
74.2
74.2
73.8
72.8
73.6
73.6
73.6
74
73.6
73.8
74
73.4
76.2
73.8
74.2
73.8
73.6
73.6
73.8
73.2
73.4
73.8
74.6
74
73.2
74.6
74.2
73.8
73.6
74.4
74
74.2
73.6
73.4
75
73.4
74.2
74.4
74.8
73.8
73.6
73.6
73.4
75.4
73.4
73.8
74.2
73.6
74.6
73
75.2
73.4
74.4
73.4
75
74.2
74
73.6
74.2
73.4
74.4
73
74
74
73.6
73.6
73.8
74.6
74.2
73.4
74.6
74
73.6
73.4
74
74
73.8
73.4
74
75.2
74
75
74
73.6
74.4
74.2
74.4
73
73.8
73.8
74.2
73.2
73.4
74
74
73.8
73.8
72.8
74.8
73.8
74.4
74.4
73.8
74.2
73.4
73.2
73.6
73.6
73.6
74.6
73.2
74
74.6
73
73.8
74.4
74
73.4
74.8
73.2
73.8
73.2
74.4
73.8
74.2
73.4
74.2
73.2
74.4
73.8
73.8
73.6
73.6
74.2
73.6
74.4
73.8
73.6
73.8
75.2
74.2
74.2
73.8
73.6
74.2
73.6
73.4
74.6
73.4
73.8
73.4
74
73.4
75
73.8
73.8
74.2
73.4
74.8
73.2
74.2
73
74
73.8
74.4
74.6
73.2
74
73.8
74.4
74
73.4
73.8
73.2
73.8
73.4
74.6
74.2
74
73.6
73.2
73.6
74
74.6
74.2
73.2
74.4
74.2
73.2
73.2
74.6
73.6
74
73.6
94.6
74
74.6
73.2
74
74.4
73.4
73.6
73.2
73.2
74
73.8
73.8
73.6
74.6
73.4
74.2
83.8
73.6
74
73.2
73.8
74.2
73.4
73.2
74.2
74
74
73.2
73.6
73.2
73.8
74
74
74
73.4
73.4
73.4
74.6
73.4
73.6
73.8
74.6
74.6
73.8
73.6
73.8
74
73.2
73.8
73.6
74.6
74.2
73.8
73.6
75.2
73.8
74.4
73.6
74.2
73.6
74.4
73.8
73.4
73.6
73.4
73.6
73.8
77.2
74.4
73.6
74.8
73.2
74.2
73.6
73.4
73.6
73.4
73.6
73.4
75
73.6
73.8
73.8
73.4
74
73.6
73.8
73.4
74.4
73.4
73.8
73.4
74.4
73.6
73.8
73.4
73.8
73.4
73.6
74.4
73.4
74.2
73.8
73.6
73.4
74
74.6
73.2
74
74.6
74.6
74.4
73.8
74
73.6
73.8
73.8
74.4
74.8
73.8
73.8
74
77
73.6
73.8
74
74
73.4
73.2
74.6
73.6
73.6
74
74.2
74
74
74.4
73.8
74.2
83.2
74.6
73.8
73.8
94.8
74.6
74
73.4
74.8
74.2
73.6
73.6
74
74.6
73.6
74
73.6
74.4
73.4
73.6
74
74.4
73.8
74.8
74.6
74
74.2
74.2
73.6
73.8
74
73.6
73.2
73.8
73.6
73.8
74.4
73.8
74
74
73.8
73.8
73.2
74
74.4
73.4
73.8
73.8
73.6
73.8
76.8
73.8
74.2
73
74
73.4
73.8
74.4
73.8
73.4
74
73.6
99.6
74
74.2
73.2
74.2
73.8
73.4
74
73.8
73.4
73.8
73.4
74
75.8
73.8
73.8
74
73.2
74.8
74.4
73.4
73.8
74
97.4
73.8
73.6
73.8
73.4
74
74.2
74.6
73.8
73.8
73.4
74.8
73.2
74.8
73.4
74
74
73
73.4
73.8
74
74.6
73.4
74
73.4
74.2
73.2
75.2
72.8
74.4
73.4
73.6
73
74.4
74.6
73
74.4
73.6
73.6
74.6
73.4
74
73.6
74.2
74.6
74
72.8
74.2
73.8
73.4
74.8
73.2
74
74.4
73.6
73.8
73.6
73.8
73.8
73.6
73.4
74
73.8
74.2
74.2
74
74.2
75
73.2
73.8
74.2
73.4
72.8
73.8
73.4
74
74.2
73.4
73.8
73.8
73.6
73.8
73.4
73.6
73.8
73.6
73.6
74
73.6
74.6
74.2
73
74.2
73.4
73.6
73.8
73.6
74.2
74.2
73.8
73.6
74
73.6
74.2
74.6
74.4
74
74.6
74.6
74.2
73.2
74.2
73
74.2
73.4
74
74.6
74
74.2
73.8
73.8
74.4
73.2
73.6
73.4
74
73
73.6
74.4
98
74.4
74.4
74
74.2
73.4
73.6
73.6
74
73
74.2
73.4
73.4
75.4
73.4
73.8
74
74.6
73.8
73.6
73.6
73.4
73.8
73.2
80.2
73.8
73.8
73.2
74.2
73.6
73.6
74.4
73.8
74.4
73.8
73.8
74
73.6
73.6
74
73.6
73.8
74.2
74.6
74.2
74
73.8
74.4
73.8
73.2
73.6
73.6
74
73.6
73.6
73.6
74.4
74.2
73.6
75
73.2
73.4
73.8
73.4
73.4
74
73.4
73.6
74.6
73.8
74
74.2
74.2
74.2
73.4
74.6
74
73.2
73.8
74.4
73.4
73.8
74.2
73.6
73.4
74
74.2
74.2
74
73.2
73.6
73.4
73.6
74.4
73.6
73.6
73.8
73.8
74.2
73.8
73.6
73
73.8
73.4
73.6
73.8
74
73.8
74
73.2
73.2
74.2
74.2
74.2
73.8
74
73.4
73.4
73.6
73.6
74.2
73.2
74
74.6
73.6
74
73.4
73.6
73.8
73.4
74
73
74
73.8
74.8
74
73.6
74.2
74.4
73.6
74
74.2
73.8
73.8
74.2
73.6
73.6
74
74
73.8
73.6
73.8
75.2
73.6
74.2
74.2
73.4
73.8
74
73.2
74
