4.6
4.4
5.6
17.4
9
15
8.6
6.8
5.8
6
9.4
5.6
6.4
5.4
4.8
5.6
12
10.2
7.6
4.6
5.2
4.4
4.8
4.6
5
4.8
4.6
4.4
4.8
4.4
5
4.2
5
4.4
4.6
4.4
4.4
4.6
4.6
4.6
4.4
4.4
8.2
4.4
4.8
4.6
4.6
4.6
4.2
4.8
4.2
4.6
4.4
4.2
4.6
4.8
4.4
4.6
4.8
4
4.6
4.8
4.4
4.6
4.6
4.2
5
4
4.4
4.6
4.4
4.6
4.6
4.2
4.2
4.6
4.6
4.2
4.8
4.4
4.2
4.6
4.8
4.8
4
5.2
4.4
4.2
4.6
4.4
4.4
4.4
4.6
5.6
5
4.2
4.2
5
4.6
4.4
4.6
4.4
4.8
4.4
4.4
4.8
4.8
4.2
4.6
4.2
5
4.6
4.4
4.4
4.8
4.6
4.4
4.8
4.8
4.6
4.2
5
5
4.6
4.2
4.6
5
4.2
4
4.6
4.6
4.6
4.8
5
17
8.2
18.4
15.4
4.8
4.6
4.4
5
4.8
4.4
5.2
4.8
4.2
5.2
4.4
4.4
12.8
7.2
26.2
8.2
5.2
4.6
5.4
5.2
4.4
5
4.6
4.6
5.6
4
4.6
4.6
4.8
4.6
4
6
4.8
6.2
6.2
4.6
5.8
5
4.4
4.8
5
4.6
5.4
4.8
4.8
4.8
4.8
4.8
4.6
4.8
4
5.2
5
4.2
4.8
4.2
4.6
4.8
4.6
4.4
10.2
5.2
8
4.8
4.6
4.8
4.4
5
4.8
4.6
4.8
4.6
4.4
4.8
4.8
4.2
4.8
4.2
5
4.4
4.4
4.8
4
4.4
4.6
4.6
5.4
6.2
6.6
6.4
6
6.2
4.2
4.8
5
4.4
4.4
5
5
4.6
4.8
4.4
4.6
4.6
4.6
4.6
5.8
5
4.6
5
5.2
4.6
4.4
5.4
4.6
4.2
5
5
4.8
4.8
4.4
4.6
4.6
4.6
4.6
5.2
4.4
4.6
4.8
4.6
5.2
4.8
4.6
4.4
4.6
5.4
4
4.8
5.2
4.4
4.2
4.6
4.6
4.4
4.4
4.6
19.4
6.6
6.4
6.4
5.8
4.6
5.4
5
4.8
5.8
5.4
5
8.2
9.4
4.8
13.6
19.2
5
4.4
4.8
6.2
6.8
6
5.8
7
5.4
5.2
5.2
5
4.8
5.6
4.8
5.2
5.2
5
4.6
5
4.6
4.4
4.8
4.6
4.6
4.6
5.4
4.4
4.8
4.6
4.6
5
4.2
5
4.2
4.6
4.8
4.2
4.6
4.6
4.4
4.6
4.4
5.6
4.2
4.6
5.2
4.6
4.4
4.4
4.2
4.6
4.4
4.4
4.4
4.2
4.6
4.8
4.8
4.4
4.4
4.4
4.6
4.4
4.6
5
4.2
4.6
4
4.4
4.4
5
4.2
4.4
4.6
4.2
4.6
4.8
4.4
4.6
4.6
4.8
4.4
4.6
4.4
4.2
5
4.2
5
4
5
4.4
5
17.8
7.6
5.2
4.8
4.6
4.4
5.2
4
4.8
4
4.6
4.2
4.8
4.6
4.4
4.4
5
4.2
4.6
4.2
5.6
5.4
5
4.8
4
4.6
4.6
4.6
4.4
4.4
4.2
4.4
4.6
4.4
4.4
4.2
4.4
4.6
4.2
5
4.2
4.6
5.2
4.6
4.4
4.8
4.4
3.8
4.4
4.4
4.8
4.4
4
4.8
4.6
5.2
4
4.8
4.6
4.2
5.6
4
4.8
3.8
4.8
4.4
4.4
4.6
4.8
4.2
4.4
4.4
4.8
4.6
4
4.8
4.2
4.6
4.6
5
4.6
4.6
4.2
4.4
5.6
4.8
4.4
4.6
4.8
19
6.2
7
6.4
5.6
5.2
4.6
4.6
4.6
4.8
4.4
4.8
4.6
4.6
4.6
4.8
4.6
4.2
4.2
5
4.2
4.2
4.6
4.8
4.6
4.8
4.6
4.8
4.2
5
4.2
4.6
4.6
5.2
4
4.6
4.6
4.2
4.6
4.8
4.6
4.8
4
5
3.8
4.8
4.4
4.6
5.2
4.4
4.8
12.4
7
4.6
4.4
4.8
4.8
4.6
4.4
4.4
4.8
4.4
5
4.8
4.8
4.2
4.6
4.4
4.4
4.6
4.6
4.4
4.8
4.4
5.2
4.2
4.6
4.8
4.4
4.6
4.8
4.4
4.8
5.2
4.2
4.4
4.8
4.6
4.6
4.4
5.2
4.8
4.6
5.2
4.4
5
4.4
4.6
4.6
4.4
4.6
6
4.6
4.2
5
21.4
6.8
4.8
4.8
4.8
4.8
5
5
5
4.4
5.4
4.8
5.2
5
5
5.2
4.6
5.6
5.2
4.6
5.4
5
4.6
5.4
4.6
5.4
4.6
5.2
5
5
4.8
5
5
4.4
5.4
4
6
4.8
4.8
5.2
4.6
4
5.2
4.2
4.4
4.8
4.6
4.4
4.2
4.8
4.4
4.4
4.4
4.2
4.8
3.8
5.2
4.4
4.2
4.6
4.4
5.2
4.4
4.4
4.6
4.2
4
4.8
3.8
4.8
3.8
4
4.4
4.2
4.4
4.4
4.2
4.2
4.4
4.8
4.2
4.6
4.2
4.6
4.4
4.4
4.2
4.6
4.8
3.8
4.6
21.6
6.6
6
6.2
5.4
5.6
5.4
7.2
4.6
5
4.4
4.8
4.6
4.2
5
4
4.4
4.2
4.4
4.6
4.4
3.8
4.2
4.6
4.2
4.8
4.4
4.4
4.4
3.8
4.4
4.4
4.2
4.4
4
3.6
4.2
5
3.8
4.8
4
4.6
4.2
4.4
4.8
4.2
3.6
5
3.8
4.8
4
4.6
3.8
4.4
4.6
4.2
4
4.4
4.2
4.2
4.6
4.6
4.8
4.2
4.2
4.6
4.8
4.6
4.4
4.4
4.4
4
5.4
4.4
4
5
4.8
23.8
6
6.8
6.6
7
6
8
7.4
7.8
6
5.4
5
4.6
4.4
4.8
4
4.8
4.4
4.6
4.4
4.4
5.8
4
4.2
4.6
4.2
5.4
4
4.6
4.4
4
4.6
4.2
4.8
4.2
4.8
4.4
4.4
4.2
5.8
4.4
4.4
5.4
4
4.6
8.8
8
8.6
6.6
4.4
4.8
4.6
4.8
4.8
4.8
5.2
4.6
4.6
4.6
4.8
4.6
5
4.6
4.6
5.4
4.6
4.6
4
5.2
4
5
4.2
4.8
4
4.4
4.6
4.4
4.8
4.2
4.2
4.6
4.6
4.2
4.6
4.6
4.4
4.4
4.4
4.2
4.6
4.4
4.2
4.2
4.6
4
4.8
4.2
4.2
3.8
4.8
4.2
4.8
4.6
4.2
4.4
4.2
4.6
4.6
4.4
4.4
4.2
4.4
4.4
4.8
4.6
3.8
4.6
4.2
4.4
4.4
4
5
3.8
4.8
4.2
4.4
4.4
4.2
4.6
4.4
4.4
4.4
5
4.2
4
4.6
4.8
3.6
4.8
3.8
4.8
4
4.4
4.6
4.6
4.2
4.2
19.8
6
6.4
6.4
6.2
6.4
6
5.4
4.8
4.6
4.4
4.8
4.2
4.6
4.2
4.4
4.2
4
4.6
4.2
5.2
4.6
4.6
4.2
4.8
4.4
4
4.8
4.4
4.2
4.4
4.8
4.6
6
3.8
4.4
4.2
5
4.4
4
4.8
4.2
4.6
4
4.4
4.4
5.2
3.8
4.8
5.2
4.4
4.4
4.6
4.6
4.4
5
4.4
4.8
4.4
4.2
4.2
4.8
4.2
5.4
4.2
4.6
4.4
4.2
4.4
5
4.4
4
4.8
4.4
4
4.6
4.2
4.4
5
5
4.8
4.6
4.2
5.2
4.2
4.8
5
4.4
5.4
4.4
4.6
4.6
4.4
4.4
5
4
4.6
