12.666666666666666
10
10.666666666666666
11.333333333333334
11.333333333333334
11.333333333333334
12
11.666666666666666
11.666666666666666
11.333333333333334
11
11.333333333333334
12.666666666666666
11.666666666666666
13
10.666666666666666
31
18
14
10.666666666666666
9.666666666666666
9.333333333333334
9.666666666666666
9.333333333333334
9.333333333333334
9.333333333333334
9
9.666666666666666
9.333333333333334
9.666666666666666
9.666666666666666
9
9
9.333333333333334
9
9.666666666666666
9
8.666666666666666
15
9.333333333333334
9.333333333333334
9.333333333333334
9.333333333333334
8.333333333333334
9.666666666666666
9.333333333333334
9
9.666666666666666
8.333333333333334
9.333333333333334
9
9.333333333333334
9.333333333333334
9.333333333333334
11
9
10
8.333333333333334
8.666666666666666
10.333333333333334
9.666666666666666
9
9
9.333333333333334
9
9
10
8.666666666666666
8.333333333333334
8.666666666666666
9.666666666666666
9.333333333333334
10.333333333333334
9.666666666666666
9.666666666666666
8.333333333333334
10
9.333333333333334
8.666666666666666
9.333333333333334
9.333333333333334
10.666666666666666
30.333333333333332
22.333333333333332
9
10.333333333333334
9.333333333333334
9
9
9.333333333333334
9
9
9.666666666666666
9
9.333333333333334
9
12
9.333333333333334
9
9
9
9
9
8.666666666666666
9
9.333333333333334
9
9.333333333333334
9.333333333333334
8.666666666666666
9
9.333333333333334
8.666666666666666
62.666666666666664
19
16.666666666666668
16.333333333333332
17.333333333333332
13
13.333333333333334
13.666666666666666
13.333333333333334
13.333333333333334
14
13.333333333333334
13.333333333333334
13
13.333333333333334
14
14
13.666666666666666
12
10.333333333333334
10
9
8.666666666666666
9
9.333333333333334
9
8.666666666666666
9.666666666666666
9
9
8.666666666666666
9.333333333333334
9.333333333333334
8.333333333333334
9.333333333333334
8.666666666666666
9.333333333333334
9
9
9
9.333333333333334
9
9
10
9
9.333333333333334
10.333333333333334
8.333333333333334
9.666666666666666
9
8.666666666666666
8.666666666666666
9.666666666666666
8.666666666666666
8.666666666666666
9.333333333333334
9.333333333333334
9
9
10.666666666666666
8.333333333333334
8.666666666666666
9.666666666666666
9
9.333333333333334
9.333333333333334
8.333333333333334
9.666666666666666
8.333333333333334
9.666666666666666
9
9.333333333333334
9.333333333333334
8.666666666666666
9.333333333333334
9.333333333333334
9
9
8.666666666666666
9.333333333333334
9.333333333333334
9.333333333333334
8.666666666666666
9.666666666666666
8.666666666666666
9.333333333333334
8.666666666666666
9.333333333333334
10
8.666666666666666
9
9
8.666666666666666
9.666666666666666
9
9
9
8.666666666666666
9
9.333333333333334
9
8
9.333333333333334
9
9
8.666666666666666
9.666666666666666
8.666666666666666
9.666666666666666
8.333333333333334
8.666666666666666
9.333333333333334
8.666666666666666
9.666666666666666
9
9
9.333333333333334
8.666666666666666
9.333333333333334
10.333333333333334
9.333333333333334
9
9
10
9
8.666666666666666
9.666666666666666
10.333333333333334
9
8.666666666666666
10
8.666666666666666
9
9.666666666666666
8.666666666666666
9.333333333333334
9
9
9
9
9.333333333333334
9
10.666666666666666
9
9
8.666666666666666
9
9
9
9.333333333333334
8.666666666666666
9
9.333333333333334
8.666666666666666
9
9
8.666666666666666
9
8.666666666666666
9.333333333333334
9.333333333333334
9
8.666666666666666
8.666666666666666
10.666666666666666
10
8.333333333333334
8.666666666666666
9
9.333333333333334
9.333333333333334
8.666666666666666
9.333333333333334
8.666666666666666
9
9.333333333333334
9.666666666666666
8.333333333333334
9.666666666666666
8.333333333333334
9.666666666666666
9
8.333333333333334
9
9
8.666666666666666
8.666666666666666
10
8.666666666666666
9.333333333333334
8.666666666666666
9.333333333333334
9
9.333333333333334
8.666666666666666
8.333333333333334
9.666666666666666
8.666666666666666
10
9
9.333333333333334
8.666666666666666
8.333333333333334
9
9
9
9.333333333333334
9.333333333333334
9.333333333333334
8.666666666666666
9
10
8.333333333333334
9.333333333333334
9.333333333333334
9
9
8.666666666666666
9.333333333333334
9.333333333333334
9
9
9
9
9
9.333333333333334
8.666666666666666
9.333333333333334
9
9.333333333333334
9
8.666666666666666
9.666666666666666
8.666666666666666
10
14.666666666666666
16.666666666666668
25.333333333333332
15.666666666666666
9.666666666666666
9.333333333333334
9.333333333333334
9
9
9.666666666666666
9
9
9.333333333333334
8.333333333333334
8.333333333333334
10
8.666666666666666
9.666666666666666
9
9
9
10.333333333333334
9.333333333333334
10
9
9
9.666666666666666
8.666666666666666
8.666666666666666
10.666666666666666
8.666666666666666
9.333333333333334
9.666666666666666
9.333333333333334
8.333333333333334
9
9.333333333333334
9
9.333333333333334
8.666666666666666
9.666666666666666
9
10.666666666666666
9.333333333333334
8.666666666666666
9.666666666666666
9
8.666666666666666
9
9
9
9
10.666666666666666
9
9
9.333333333333334
9
8.666666666666666
9
9.666666666666666
9.333333333333334
9
9
9
8.666666666666666
9.333333333333334
9
9.333333333333334
9
9.333333333333334
9
8.333333333333334
9
9
9.333333333333334
9.666666666666666
9
9.333333333333334
9
9.666666666666666
8.666666666666666
8.666666666666666
9.333333333333334
8.666666666666666
10
8.666666666666666
9.333333333333334
9.333333333333334
9
9
9.333333333333334
8.666666666666666
9
9.333333333333334
9
9.333333333333334
8.333333333333334
9.333333333333334
9.333333333333334
10
8.666666666666666
9.333333333333334
9
9.333333333333334
9
9
9.333333333333334
9
9
9.333333333333334
9.333333333333334
9.333333333333334
8.333333333333334
9
9
9
9
9.333333333333334
9
8.333333333333334
9.333333333333334
9.666666666666666
9
8.666666666666666
9.333333333333334
9
9
9.333333333333334
9
9.333333333333334
8.333333333333334
9
9
9
9.333333333333334
8.666666666666666
9.666666666666666
8.666666666666666
9.333333333333334
9
9
9
9.333333333333334
9
9
9
8.666666666666666
9.666666666666666
9.666666666666666
9
9
9.333333333333334
9.333333333333334
9
9.666666666666666
9
9
9
9.666666666666666
8.666666666666666
9.333333333333334
9.333333333333334
8.333333333333334
9.666666666666666
9.333333333333334
8.666666666666666
8.666666666666666
9.333333333333334
9
9
9
9
9
9.333333333333334
9.333333333333334
8.666666666666666
9.333333333333334
9
8.666666666666666
9
9.666666666666666
9.333333333333334
8.666666666666666
9.333333333333334
8.333333333333334
10
8.333333333333334
9.333333333333334
9.333333333333334
9.333333333333334
8.666666666666666
9.333333333333334
8.666666666666666
9
9.333333333333334
9.666666666666666
8.666666666666666
9
9.666666666666666
8.666666666666666
8.333333333333334
9.666666666666666
9.333333333333334
10
8.666666666666666
10.333333333333334
9
9.333333333333334
9
8.333333333333334
9.333333333333334
9
9.333333333333334
10.333333333333334
9
9
9.333333333333334
9.333333333333334
8.333333333333334
9.666666666666666
9
10.333333333333334
9
9.333333333333334
9.333333333333334
8
9.666666666666666
9.333333333333334
10.333333333333334
9
9
8.666666666666666
9
9.333333333333334
9.333333333333334
8.666666666666666
9.333333333333334
9.333333333333334
9.666666666666666
42.666666666666664
16.333333333333332
16.666666666666668
15.333333333333334
13.666666666666666
12
11
9.333333333333334
9
11
9.333333333333334
10
9
9.333333333333334
9.666666666666666
9
9.333333333333334
9.666666666666666
9.666666666666666
9
10
9.333333333333334
9
9.666666666666666
11.333333333333334
9.666666666666666
9.333333333333334
9.666666666666666
9.666666666666666
10
9.666666666666666
10
9
9.333333333333334
10
9
8.666666666666666
9
11.666666666666666
9
9.333333333333334
8.666666666666666
8.333333333333334
9.666666666666666
8.666666666666666
9.666666666666666
9.333333333333334
8.666666666666666
9
9.333333333333334
9
9
9.333333333333334
9.333333333333334
8.666666666666666
9.333333333333334
9
9
8.666666666666666
11
9.333333333333334
9.333333333333334
9.333333333333334
8.666666666666666
9.333333333333334
9
8.333333333333334
9.333333333333334
9.333333333333334
9.333333333333334
9
9
8.333333333333334
9
9
9.666666666666666
8.666666666666666
8.666666666666666
9
9.333333333333334
9
9
9.666666666666666
8.333333333333334
8.666666666666666
9.333333333333334
8.666666666666666
9.666666666666666
9
8.333333333333334
9.666666666666666
9
41.666666666666664
16.333333333333332
16.666666666666668
14
9.666666666666666
10.666666666666666
9.333333333333334
10
10.333333333333334
10
9.666666666666666
10.666666666666666
8.666666666666666
9.333333333333334
10.333333333333334
11.333333333333334
8.666666666666666
9
20.666666666666668
9.666666666666666
8.666666666666666
9
9
9
9.333333333333334
9.333333333333334
9
8.666666666666666
9.333333333333334
9
9
8.333333333333334
41
16.666666666666668
15.333333333333334
13.333333333333334
13.666666666666666
12.333333333333334
10.333333333333334
11
10
12.666666666666666
10
9.666666666666666
10.333333333333334
9.333333333333334
10
9.666666666666666
9.333333333333334
8.666666666666666
9.666666666666666
9
9.333333333333334
8.666666666666666
9
9.666666666666666
8.666666666666666
10.333333333333334
9.333333333333334
9
9
9.333333333333334
8.666666666666666
9
9
9.333333333333334
9.666666666666666
9
9
8.666666666666666
9
9.333333333333334
9
9.666666666666666
8.333333333333334
9.666666666666666
9.333333333333334
9
8.666666666666666
9
9.333333333333334
8.666666666666666
9.666666666666666
8.666666666666666
9
9
9.666666666666666
9.333333333333334
8.666666666666666
9.333333333333334
9
9.666666666666666
9
9.333333333333334
9.333333333333334
9.333333333333334
9
9.333333333333334
9.333333333333334
8.666666666666666
9
9.666666666666666
9
9
9.666666666666666
8.666666666666666
18.666666666666668
10
18.333333333333332
9.333333333333334
8.666666666666666
9.666666666666666
9.666666666666666
9.333333333333334
9
9
8.666666666666666
9
10
8.333333333333334
9.333333333333334
9.666666666666666
9
8.666666666666666
8.666666666666666
9.333333333333334
9
9
9.666666666666666
8.666666666666666
9
9
8.666666666666666
9.333333333333334
9
9.333333333333334
9
8.666666666666666
9.333333333333334
9
9.333333333333334
9.333333333333334
9.666666666666666
9
8
9
9.333333333333334
9.333333333333334
9
8.666666666666666
9.666666666666666
8.666666666666666
9.666666666666666
8.333333333333334
9
9
9.666666666666666
8.666666666666666
8.666666666666666
9.333333333333334
9.333333333333334
8.666666666666666
9
8.666666666666666
9.333333333333334
9.666666666666666
8.666666666666666
9
9
9.333333333333334
9
9
9.333333333333334
9
9
9.333333333333334
9.333333333333334
8.666666666666666
9
9.666666666666666
8.666666666666666
9
9.333333333333334
8.333333333333334
9.333333333333334
9.333333333333334
8.333333333333334
9
9
9.666666666666666
8.666666666666666
8.666666666666666
9.666666666666666
9
9
9.666666666666666
8.666666666666666
9
9.666666666666666
9.666666666666666
8.666666666666666
9
9.666666666666666
9
8.666666666666666
9.666666666666666
9.333333333333334
9.333333333333334
8.666666666666666
9
9.333333333333334
8.666666666666666
9.333333333333334
8.666666666666666
9
9.333333333333334
9
9.333333333333334
9
9.333333333333334
9
9.333333333333334
9
9.666666666666666
9
9.666666666666666
9.333333333333334
9.666666666666666
9
9
9
8.666666666666666
9.333333333333334
9.666666666666666
9.333333333333334
9
10.333333333333334
9.333333333333334
9
9.333333333333334
8.333333333333334
9
8.666666666666666
9
8.666666666666666
8.666666666666666
9.666666666666666
8.666666666666666
9
9.666666666666666
9
8.666666666666666
9.666666666666666
8.333333333333334
9.333333333333334
9
9
9.666666666666666
9
9.666666666666666
9.333333333333334
9
9
9
11.333333333333334
8.666666666666666
9
8.666666666666666
9
8.333333333333334
9
9.333333333333334
8.666666666666666
8.666666666666666
9.666666666666666
9
9.333333333333334
8.333333333333334
10
8.666666666666666
9.666666666666666
10.333333333333334
9.333333333333334
9.666666666666666
8.666666666666666
9.333333333333334
10.333333333333334
74.33333333333333
16.666666666666668
17
15
10.333333333333334
9
9
10
8.333333333333334
8.666666666666666
9.666666666666666
9
9
9.666666666666666
9.333333333333334
39.333333333333336
15.333333333333334
15
13.333333333333334
13
10.666666666666666
10.333333333333334
9.333333333333334
9.666666666666666
8.666666666666666
8.666666666666666
9.666666666666666
9.333333333333334
9.333333333333334
8.333333333333334
9
8.666666666666666
10
9.333333333333334
