31.666666666666668
71.66666666666667
35
31
31
31.333333333333332
31
31.333333333333332
31.333333333333332
31
31.666666666666668
38
44
33
33.333333333333336
32.333333333333336
33.333333333333336
42.333333333333336
42.666666666666664
41
34
32.333333333333336
31.333333333333332
31
30.666666666666668
30.333333333333332
32
31
32.333333333333336
29.666666666666668
31.666666666666668
30.666666666666668
30.666666666666668
31
30.666666666666668
31.333333333333332
31
31.333333333333332
30.333333333333332
31.666666666666668
30.666666666666668
29.666666666666668
31
30
30.333333333333332
30.333333333333332
30.666666666666668
30.666666666666668
29.666666666666668
30.333333333333332
113.66666666666667
33.333333333333336
31
30.333333333333332
31
32
30
29.666666666666668
30.666666666666668
29.666666666666668
30.666666666666668
30.333333333333332
30.666666666666668
31
30.333333333333332
31
30.666666666666668
29.333333333333332
30.333333333333332
30.666666666666668
30.333333333333332
30
30.333333333333332
30.333333333333332
30.333333333333332
31.333333333333332
29.666666666666668
32
71.66666666666667
35.333333333333336
33.666666666666664
31.666666666666668
32.333333333333336
32.333333333333336
31
30.333333333333332
31.666666666666668
31.666666666666668
30
31.666666666666668
30.666666666666668
32
31
31.333333333333332
30.666666666666668
30.333333333333332
30.333333333333332
30.666666666666668
30
29.666666666666668
